-3.722000000000000000e+03
-3.723000000000000000e+03
-3.724000000000000000e+03
-3.725000000000000000e+03
-3.726000000000000000e+03
-3.727000000000000000e+03
-3.728000000000000000e+03
-3.729000000000000000e+03
-3.730000000000000000e+03
-3.731000000000000000e+03
-3.732000000000000000e+03
-3.733000000000000000e+03
-3.734000000000000000e+03
-3.735000000000000000e+03
-3.736000000000000000e+03
-3.737000000000000000e+03
-3.738000000000000000e+03
-3.739000000000000000e+03
-3.740000000000000000e+03
-3.741000000000000000e+03
-3.742000000000000000e+03
-3.743000000000000000e+03
-3.744000000000000000e+03
-3.745000000000000000e+03
-3.746000000000000000e+03
