4.240000000000000000e+03
4.239000000000000000e+03
4.238000000000000000e+03
4.237000000000000000e+03
4.236000000000000000e+03
4.235000000000000000e+03
4.234000000000000000e+03
4.233000000000000000e+03
4.232000000000000000e+03
4.231000000000000000e+03
4.230000000000000000e+03
4.229000000000000000e+03
4.228000000000000000e+03
4.227000000000000000e+03
4.226000000000000000e+03
4.225000000000000000e+03
4.224000000000000000e+03
4.223000000000000000e+03
4.222000000000000000e+03
4.221000000000000000e+03
4.220000000000000000e+03
4.219000000000000000e+03
4.218000000000000000e+03
4.217000000000000000e+03
4.216000000000000000e+03
4.215000000000000000e+03
4.214000000000000000e+03
4.213000000000000000e+03
4.212000000000000000e+03
4.211000000000000000e+03
4.210000000000000000e+03
4.209000000000000000e+03
4.208000000000000000e+03
4.207000000000000000e+03
4.206000000000000000e+03
4.205000000000000000e+03
4.204000000000000000e+03
4.203000000000000000e+03
4.202000000000000000e+03
4.201000000000000000e+03
4.200000000000000000e+03
4.199000000000000000e+03
4.198000000000000000e+03
