6.378600000000000364e+03
6.378400000000000546e+03
6.378200000000000728e+03
6.378000000000000909e+03
6.377800000000001091e+03
6.377600000000001273e+03
6.377400000000001455e+03
6.377200000000001637e+03
6.377000000000001819e+03
6.376800000000002001e+03
6.376600000000002183e+03
6.376400000000002365e+03
6.376200000000002547e+03
6.376000000000002728e+03
6.375800000000002910e+03
6.375600000000003092e+03
6.375400000000003274e+03
6.375200000000003456e+03
6.375000000000003638e+03
6.374800000000003820e+03
6.374600000000004002e+03
6.374400000000004184e+03
6.374200000000004366e+03
6.374000000000004547e+03
6.373800000000004729e+03
6.373600000000004911e+03
6.373400000000005093e+03
6.373200000000005275e+03
6.373000000000005457e+03
6.372800000000005639e+03
6.372600000000005821e+03
6.372400000000006003e+03
6.372200000000006185e+03
6.372000000000006366e+03
6.371800000000006548e+03
6.371600000000006730e+03
6.371400000000006912e+03
6.371200000000007094e+03
6.371000000000007276e+03
6.370800000000007458e+03
6.370600000000007640e+03
6.370400000000007822e+03
6.370200000000008004e+03
6.370000000000008185e+03
6.369800000000008367e+03
6.369600000000008549e+03
6.369400000000008731e+03
6.369200000000008913e+03
6.369000000000009095e+03
6.368800000000009277e+03
6.368600000000009459e+03
6.368400000000009641e+03
6.368200000000009823e+03
6.368000000000010004e+03
6.367800000000010186e+03
6.367600000000010368e+03
6.367400000000010550e+03
6.367200000000010732e+03
6.367000000000010914e+03
6.366800000000011096e+03
6.366600000000011278e+03
6.366400000000011460e+03
6.366200000000011642e+03
6.366000000000011823e+03
6.365800000000012005e+03
6.365600000000012187e+03
6.365400000000012369e+03
6.365200000000012551e+03
6.365000000000012733e+03
6.364800000000012915e+03
6.364600000000013097e+03
6.364400000000013279e+03
6.364200000000013461e+03
6.364000000000013642e+03
6.363800000000013824e+03
6.363600000000014006e+03
6.363400000000014188e+03
6.363200000000014370e+03
6.363000000000014552e+03
6.362800000000014734e+03
6.362600000000014916e+03
6.362400000000015098e+03
6.362200000000015280e+03
6.362000000000015461e+03
6.361800000000015643e+03
6.361600000000015825e+03
6.361400000000016007e+03
6.361200000000016189e+03
6.361000000000016371e+03
6.360800000000016553e+03
6.360600000000016735e+03
6.360400000000016917e+03
6.360200000000017099e+03
6.360000000000017280e+03
6.359800000000017462e+03
6.359600000000017644e+03
6.359400000000017826e+03
6.359200000000018008e+03
6.359000000000018190e+03
6.358800000000018372e+03
6.358600000000018554e+03
6.358400000000018736e+03
6.358200000000018917e+03
6.358000000000019099e+03
6.357800000000019281e+03
6.357600000000019463e+03
6.357400000000019645e+03
6.357200000000019827e+03
6.357000000000020009e+03
6.356800000000020191e+03
6.356600000000020373e+03
6.356400000000020555e+03
6.356200000000020736e+03
6.356000000000020918e+03
6.355800000000021100e+03
6.355600000000021282e+03
6.355400000000021464e+03
6.355200000000021646e+03
6.355000000000021828e+03
6.354800000000022010e+03
6.354600000000022192e+03
6.354400000000022374e+03
6.354200000000022555e+03
6.354000000000022737e+03
6.353800000000022919e+03
6.353600000000023101e+03
6.353400000000023283e+03
6.353200000000023465e+03
6.353000000000023647e+03
6.352800000000023829e+03
6.352600000000024011e+03
6.352400000000024193e+03
6.352200000000024374e+03
6.352000000000024556e+03
6.351800000000024738e+03
6.351600000000024920e+03
6.351400000000025102e+03
6.351200000000025284e+03
6.351000000000025466e+03
6.350800000000025648e+03
6.350600000000025830e+03
6.350400000000026012e+03
6.350200000000026193e+03
6.350000000000026375e+03
6.349800000000026557e+03
6.349600000000026739e+03
6.349400000000026921e+03
6.349200000000027103e+03
6.349000000000027285e+03
6.348800000000027467e+03
6.348600000000027649e+03
6.348400000000027831e+03
6.348200000000028012e+03
6.348000000000028194e+03
6.347800000000028376e+03
6.347600000000028558e+03
6.347400000000028740e+03
6.347200000000028922e+03
6.347000000000029104e+03
6.346800000000029286e+03
