3.459200000000000273e+03
3.459000000000000455e+03
3.458800000000000637e+03
3.458600000000000819e+03
3.458400000000001000e+03
3.458200000000001182e+03
3.458000000000001364e+03
3.457800000000001546e+03
3.457600000000001728e+03
3.457400000000001910e+03
3.457200000000002092e+03
3.457000000000002274e+03
3.456800000000002456e+03
3.456600000000002638e+03
3.456400000000002819e+03
3.456200000000003001e+03
3.456000000000003183e+03
3.455800000000003365e+03
3.455600000000003547e+03
3.455400000000003729e+03
3.455200000000003911e+03
3.455000000000004093e+03
3.454800000000004275e+03
3.454600000000004457e+03
3.454400000000004638e+03
3.454200000000004820e+03
3.454000000000005002e+03
3.453800000000005184e+03
3.453600000000005366e+03
3.453400000000005548e+03
3.453200000000005730e+03
3.453000000000005912e+03
3.452800000000006094e+03
3.452600000000006276e+03
3.452400000000006457e+03
3.452200000000006639e+03
3.452000000000006821e+03
3.451800000000007003e+03
3.451600000000007185e+03
3.451400000000007367e+03
3.451200000000007549e+03
3.451000000000007731e+03
3.450800000000007913e+03
3.450600000000008095e+03
3.450400000000008276e+03
3.450200000000008458e+03
3.450000000000008640e+03
3.449800000000008822e+03
3.449600000000009004e+03
3.449400000000009186e+03
3.449200000000009368e+03
3.449000000000009550e+03
3.448800000000009732e+03
3.448600000000009913e+03
3.448400000000010095e+03
3.448200000000010277e+03
3.448000000000010459e+03
3.447800000000010641e+03
3.447600000000010823e+03
3.447400000000011005e+03
3.447200000000011187e+03
3.447000000000011369e+03
3.446800000000011551e+03
3.446600000000011732e+03
3.446400000000011914e+03
3.446200000000012096e+03
3.446000000000012278e+03
3.445800000000012460e+03
3.445600000000012642e+03
3.445400000000012824e+03
3.445200000000013006e+03
3.445000000000013188e+03
3.444800000000013370e+03
3.444600000000013551e+03
3.444400000000013733e+03
3.444200000000013915e+03
3.444000000000014097e+03
3.443800000000014279e+03
3.443600000000014461e+03
3.443400000000014643e+03
3.443200000000014825e+03
3.443000000000015007e+03
3.442800000000015189e+03
3.442600000000015370e+03
3.442400000000015552e+03
3.442200000000015734e+03
3.442000000000015916e+03
3.441800000000016098e+03
3.441600000000016280e+03
3.441400000000016462e+03
3.441200000000016644e+03
3.441000000000016826e+03
3.440800000000017008e+03
3.440600000000017189e+03
3.440400000000017371e+03
3.440200000000017553e+03
3.440000000000017735e+03
3.439800000000017917e+03
