2.330200000000000273e+03
2.330000000000000455e+03
2.329800000000000637e+03
2.329600000000000819e+03
2.329400000000001000e+03
2.329200000000001182e+03
2.329000000000001364e+03
2.328800000000001546e+03
2.328600000000001728e+03
2.328400000000001910e+03
2.328200000000002092e+03
2.328000000000002274e+03
2.327800000000002456e+03
2.327600000000002638e+03
2.327400000000002819e+03
2.327200000000003001e+03
2.327000000000003183e+03
2.326800000000003365e+03
2.326600000000003547e+03
2.326400000000003729e+03
2.326200000000003911e+03
2.326000000000004093e+03
2.325800000000004275e+03
2.325600000000004457e+03
2.325400000000004638e+03
2.325200000000004820e+03
2.325000000000005002e+03
2.324800000000005184e+03
2.324600000000005366e+03
2.324400000000005548e+03
2.324200000000005730e+03
2.324000000000005912e+03
2.323800000000006094e+03
2.323600000000006276e+03
2.323400000000006457e+03
2.323200000000006639e+03
2.323000000000006821e+03
2.322800000000007003e+03
2.322600000000007185e+03
2.322400000000007367e+03
2.322200000000007549e+03
2.322000000000007731e+03
2.321800000000007913e+03
2.321600000000008095e+03
