1.594000000000000000e+03
1.593500000000000000e+03
1.593000000000000000e+03
1.592500000000000000e+03
1.592000000000000000e+03
1.591500000000000000e+03
1.591000000000000000e+03
1.590500000000000000e+03
1.590000000000000000e+03
1.589500000000000000e+03
1.589000000000000000e+03
1.588500000000000000e+03
1.588000000000000000e+03
1.587500000000000000e+03
1.587000000000000000e+03
1.586500000000000000e+03
1.586000000000000000e+03
1.585500000000000000e+03
1.585000000000000000e+03
1.584500000000000000e+03
1.584000000000000000e+03
1.583500000000000000e+03
1.583000000000000000e+03
1.582500000000000000e+03
1.582000000000000000e+03
1.581500000000000000e+03
1.581000000000000000e+03
1.580500000000000000e+03
1.580000000000000000e+03
1.579500000000000000e+03
1.579000000000000000e+03
1.578500000000000000e+03
1.578000000000000000e+03
1.577500000000000000e+03
1.577000000000000000e+03
1.576500000000000000e+03
1.576000000000000000e+03
1.575500000000000000e+03
1.575000000000000000e+03
1.574500000000000000e+03
1.574000000000000000e+03
1.573500000000000000e+03
1.573000000000000000e+03
1.572500000000000000e+03
1.572000000000000000e+03
1.571500000000000000e+03
1.571000000000000000e+03
1.570500000000000000e+03
1.570000000000000000e+03
1.569500000000000000e+03
1.569000000000000000e+03
1.568500000000000000e+03
1.568000000000000000e+03
1.567500000000000000e+03
1.567000000000000000e+03
1.566500000000000000e+03
1.566000000000000000e+03
1.565500000000000000e+03
1.565000000000000000e+03
1.564500000000000000e+03
1.564000000000000000e+03
1.563500000000000000e+03
1.563000000000000000e+03
1.562500000000000000e+03
1.562000000000000000e+03
1.561500000000000000e+03
1.561000000000000000e+03
1.560500000000000000e+03
1.560000000000000000e+03
1.559500000000000000e+03
1.559000000000000000e+03
1.558500000000000000e+03
1.558000000000000000e+03
1.557500000000000000e+03
1.557000000000000000e+03
1.556500000000000000e+03
1.556000000000000000e+03
1.555500000000000000e+03
1.555000000000000000e+03
1.554500000000000000e+03
1.554000000000000000e+03
1.553500000000000000e+03
1.553000000000000000e+03
1.552500000000000000e+03
1.552000000000000000e+03
1.551500000000000000e+03
1.551000000000000000e+03
1.550500000000000000e+03
1.550000000000000000e+03
1.549500000000000000e+03
1.549000000000000000e+03
1.548500000000000000e+03
1.548000000000000000e+03
1.547500000000000000e+03
1.547000000000000000e+03
1.546500000000000000e+03
