1.094000000000000000e+03
1.093500000000000000e+03
1.093000000000000000e+03
1.092500000000000000e+03
1.092000000000000000e+03
1.091500000000000000e+03
1.091000000000000000e+03
1.090500000000000000e+03
1.090000000000000000e+03
1.089500000000000000e+03
1.089000000000000000e+03
1.088500000000000000e+03
1.088000000000000000e+03
1.087500000000000000e+03
1.087000000000000000e+03
1.086500000000000000e+03
1.086000000000000000e+03
1.085500000000000000e+03
1.085000000000000000e+03
1.084500000000000000e+03
1.084000000000000000e+03
1.083500000000000000e+03
1.083000000000000000e+03
1.082500000000000000e+03
1.082000000000000000e+03
1.081500000000000000e+03
1.081000000000000000e+03
1.080500000000000000e+03
1.080000000000000000e+03
1.079500000000000000e+03
1.079000000000000000e+03
1.078500000000000000e+03
1.078000000000000000e+03
