-2.370000000000000000e+03
-2.371000000000000000e+03
-2.372000000000000000e+03
-2.373000000000000000e+03
-2.374000000000000000e+03
-2.375000000000000000e+03
-2.376000000000000000e+03
-2.377000000000000000e+03
-2.378000000000000000e+03
-2.379000000000000000e+03
-2.380000000000000000e+03
-2.381000000000000000e+03
-2.382000000000000000e+03
-2.383000000000000000e+03
-2.384000000000000000e+03
-2.385000000000000000e+03
-2.386000000000000000e+03
-2.387000000000000000e+03
-2.388000000000000000e+03
-2.389000000000000000e+03
-2.390000000000000000e+03
-2.391000000000000000e+03
-2.392000000000000000e+03
-2.393000000000000000e+03
-2.394000000000000000e+03
-2.395000000000000000e+03
-2.396000000000000000e+03
-2.397000000000000000e+03
-2.398000000000000000e+03
-2.399000000000000000e+03
-2.400000000000000000e+03
-2.401000000000000000e+03
-2.402000000000000000e+03
