8.010000000000000000e+04
8.009000000000000000e+04
8.008000000000000000e+04
8.007000000000000000e+04
8.006000000000000000e+04
8.005000000000000000e+04
8.004000000000000000e+04
8.003000000000000000e+04
8.002000000000000000e+04
8.001000000000000000e+04
8.000000000000000000e+04
7.999000000000000000e+04
7.998000000000000000e+04
7.997000000000000000e+04
7.996000000000000000e+04
7.995000000000000000e+04
7.994000000000000000e+04
7.993000000000000000e+04
7.992000000000000000e+04
7.991000000000000000e+04
7.990000000000000000e+04
7.989000000000000000e+04
7.988000000000000000e+04
7.987000000000000000e+04
7.986000000000000000e+04
7.985000000000000000e+04
7.984000000000000000e+04
7.983000000000000000e+04
7.982000000000000000e+04
7.981000000000000000e+04
7.980000000000000000e+04
7.979000000000000000e+04
7.978000000000000000e+04
7.977000000000000000e+04
7.976000000000000000e+04
7.975000000000000000e+04
7.974000000000000000e+04
7.973000000000000000e+04
7.972000000000000000e+04
7.971000000000000000e+04
7.970000000000000000e+04
7.969000000000000000e+04
7.968000000000000000e+04
7.967000000000000000e+04
7.966000000000000000e+04
7.965000000000000000e+04
7.964000000000000000e+04
7.963000000000000000e+04
7.962000000000000000e+04
7.961000000000000000e+04
7.960000000000000000e+04
7.959000000000000000e+04
7.958000000000000000e+04
7.957000000000000000e+04
7.956000000000000000e+04
7.955000000000000000e+04
7.954000000000000000e+04
7.953000000000000000e+04
7.952000000000000000e+04
7.951000000000000000e+04
7.950000000000000000e+04
7.949000000000000000e+04
7.948000000000000000e+04
7.947000000000000000e+04
7.946000000000000000e+04
7.945000000000000000e+04
7.944000000000000000e+04
7.943000000000000000e+04
7.942000000000000000e+04
7.941000000000000000e+04
7.940000000000000000e+04
7.939000000000000000e+04
7.938000000000000000e+04
7.937000000000000000e+04
7.936000000000000000e+04
7.935000000000000000e+04
7.934000000000000000e+04
7.933000000000000000e+04
7.932000000000000000e+04
7.931000000000000000e+04
7.930000000000000000e+04
7.929000000000000000e+04
7.928000000000000000e+04
7.927000000000000000e+04
7.926000000000000000e+04
7.925000000000000000e+04
7.924000000000000000e+04
7.923000000000000000e+04
7.922000000000000000e+04
7.921000000000000000e+04
7.920000000000000000e+04
