7.688000000000000000e+03
7.687000000000000000e+03
7.686000000000000000e+03
7.685000000000000000e+03
7.684000000000000000e+03
7.683000000000000000e+03
7.682000000000000000e+03
7.681000000000000000e+03
7.680000000000000000e+03
7.679000000000000000e+03
7.678000000000000000e+03
7.677000000000000000e+03
7.676000000000000000e+03
7.675000000000000000e+03
7.674000000000000000e+03
7.673000000000000000e+03
7.672000000000000000e+03
7.671000000000000000e+03
7.670000000000000000e+03
7.669000000000000000e+03
7.668000000000000000e+03
7.667000000000000000e+03
