-5.112000000000000000e+03
-5.114000000000000000e+03
-5.116000000000000000e+03
-5.118000000000000000e+03
-5.120000000000000000e+03
-5.122000000000000000e+03
-5.124000000000000000e+03
-5.126000000000000000e+03
-5.128000000000000000e+03
-5.130000000000000000e+03
-5.132000000000000000e+03
-5.134000000000000000e+03
-5.136000000000000000e+03
-5.138000000000000000e+03
-5.140000000000000000e+03
-5.142000000000000000e+03
-5.144000000000000000e+03
-5.146000000000000000e+03
-5.148000000000000000e+03
-5.150000000000000000e+03
-5.152000000000000000e+03
-5.154000000000000000e+03
-5.156000000000000000e+03
-5.158000000000000000e+03
-5.160000000000000000e+03
-5.162000000000000000e+03
-5.164000000000000000e+03
-5.166000000000000000e+03
-5.168000000000000000e+03
-5.170000000000000000e+03
-5.172000000000000000e+03
-5.174000000000000000e+03
-5.176000000000000000e+03
-5.178000000000000000e+03
-5.180000000000000000e+03
-5.182000000000000000e+03
-5.184000000000000000e+03
-5.186000000000000000e+03
-5.188000000000000000e+03
-5.190000000000000000e+03
-5.192000000000000000e+03
-5.194000000000000000e+03
-5.196000000000000000e+03
-5.198000000000000000e+03
-5.200000000000000000e+03
-5.202000000000000000e+03
-5.204000000000000000e+03
-5.206000000000000000e+03
-5.208000000000000000e+03
-5.210000000000000000e+03
-5.212000000000000000e+03
