-5.900000000000000000e+03
-5.902000000000000000e+03
-5.904000000000000000e+03
-5.906000000000000000e+03
-5.908000000000000000e+03
-5.910000000000000000e+03
-5.912000000000000000e+03
-5.914000000000000000e+03
-5.916000000000000000e+03
-5.918000000000000000e+03
-5.920000000000000000e+03
-5.922000000000000000e+03
-5.924000000000000000e+03
-5.926000000000000000e+03
-5.928000000000000000e+03
-5.930000000000000000e+03
-5.932000000000000000e+03
-5.934000000000000000e+03
-5.936000000000000000e+03
-5.938000000000000000e+03
-5.940000000000000000e+03
-5.942000000000000000e+03
-5.944000000000000000e+03
-5.946000000000000000e+03
-5.948000000000000000e+03
-5.950000000000000000e+03
-5.952000000000000000e+03
-5.954000000000000000e+03
-5.956000000000000000e+03
-5.958000000000000000e+03
