1.424200000000000000e+05
1.424100000000000000e+05
1.424000000000000000e+05
1.423900000000000000e+05
1.423800000000000000e+05
1.423700000000000000e+05
1.423600000000000000e+05
1.423500000000000000e+05
1.423400000000000000e+05
1.423300000000000000e+05
1.423200000000000000e+05
1.423100000000000000e+05
1.423000000000000000e+05
1.422900000000000000e+05
1.422800000000000000e+05
1.422700000000000000e+05
1.422600000000000000e+05
1.422500000000000000e+05
1.422400000000000000e+05
1.422300000000000000e+05
1.422200000000000000e+05
1.422100000000000000e+05
1.422000000000000000e+05
1.421900000000000000e+05
1.421800000000000000e+05
1.421700000000000000e+05
1.421600000000000000e+05
1.421500000000000000e+05
1.421400000000000000e+05
1.421300000000000000e+05
1.421200000000000000e+05
1.421100000000000000e+05
1.421000000000000000e+05
1.420900000000000000e+05
1.420800000000000000e+05
1.420700000000000000e+05
1.420600000000000000e+05
1.420500000000000000e+05
1.420400000000000000e+05
1.420300000000000000e+05
1.420200000000000000e+05
1.420100000000000000e+05
1.420000000000000000e+05
1.419900000000000000e+05
1.419800000000000000e+05
1.419700000000000000e+05
1.419600000000000000e+05
1.419500000000000000e+05
1.419400000000000000e+05
1.419300000000000000e+05
1.419200000000000000e+05
1.419100000000000000e+05
1.419000000000000000e+05
1.418900000000000000e+05
1.418800000000000000e+05
1.418700000000000000e+05
1.418600000000000000e+05
1.418500000000000000e+05
1.418400000000000000e+05
1.418300000000000000e+05
1.418200000000000000e+05
1.418100000000000000e+05
1.418000000000000000e+05
1.417900000000000000e+05
1.417800000000000000e+05
1.417700000000000000e+05
1.417600000000000000e+05
1.417500000000000000e+05
1.417400000000000000e+05
1.417300000000000000e+05
1.417200000000000000e+05
1.417100000000000000e+05
1.417000000000000000e+05
1.416900000000000000e+05
1.416800000000000000e+05
1.416700000000000000e+05
1.416600000000000000e+05
1.416500000000000000e+05
1.416400000000000000e+05
1.416300000000000000e+05
1.416200000000000000e+05
1.416100000000000000e+05
1.416000000000000000e+05
1.415900000000000000e+05
1.415800000000000000e+05
1.415700000000000000e+05
1.415600000000000000e+05
1.415500000000000000e+05
1.415400000000000000e+05
1.415300000000000000e+05
1.415200000000000000e+05
1.415100000000000000e+05
1.415000000000000000e+05
1.414900000000000000e+05
1.414800000000000000e+05
1.414700000000000000e+05
1.414600000000000000e+05
1.414500000000000000e+05
1.414400000000000000e+05
1.414300000000000000e+05
1.414200000000000000e+05
1.414100000000000000e+05
1.414000000000000000e+05
1.413900000000000000e+05
1.413800000000000000e+05
1.413700000000000000e+05
1.413600000000000000e+05
1.413500000000000000e+05
1.413400000000000000e+05
1.413300000000000000e+05
1.413200000000000000e+05
1.413100000000000000e+05
1.413000000000000000e+05
1.412900000000000000e+05
1.412800000000000000e+05
1.412700000000000000e+05
1.412600000000000000e+05
1.412500000000000000e+05
1.412400000000000000e+05
1.412300000000000000e+05
1.412200000000000000e+05
1.412100000000000000e+05
1.412000000000000000e+05
1.411900000000000000e+05
1.411800000000000000e+05
1.411700000000000000e+05
1.411600000000000000e+05
1.411500000000000000e+05
1.411400000000000000e+05
1.411300000000000000e+05
1.411200000000000000e+05
1.411100000000000000e+05
1.411000000000000000e+05
1.410900000000000000e+05
1.410800000000000000e+05
1.410700000000000000e+05
1.410600000000000000e+05
1.410500000000000000e+05
1.410400000000000000e+05
1.410300000000000000e+05
1.410200000000000000e+05
1.410100000000000000e+05
1.410000000000000000e+05
1.409900000000000000e+05
1.409800000000000000e+05
1.409700000000000000e+05
1.409600000000000000e+05
1.409500000000000000e+05
1.409400000000000000e+05
1.409300000000000000e+05
1.409200000000000000e+05
1.409100000000000000e+05
1.409000000000000000e+05
1.408900000000000000e+05
1.408800000000000000e+05
1.408700000000000000e+05
1.408600000000000000e+05
1.408500000000000000e+05
1.408400000000000000e+05
1.408300000000000000e+05
1.408200000000000000e+05
1.408100000000000000e+05
1.408000000000000000e+05
1.407900000000000000e+05
1.407800000000000000e+05
1.407700000000000000e+05
1.407600000000000000e+05
1.407500000000000000e+05
1.407400000000000000e+05
1.407300000000000000e+05
1.407200000000000000e+05
1.407100000000000000e+05
1.407000000000000000e+05
1.406900000000000000e+05
1.406800000000000000e+05
1.406700000000000000e+05
1.406600000000000000e+05
1.406500000000000000e+05
1.406400000000000000e+05
