5.116000000000000000e+03
5.114000000000000000e+03
5.112000000000000000e+03
5.110000000000000000e+03
5.108000000000000000e+03
5.106000000000000000e+03
5.104000000000000000e+03
5.102000000000000000e+03
5.100000000000000000e+03
5.098000000000000000e+03
5.096000000000000000e+03
5.094000000000000000e+03
5.092000000000000000e+03
5.090000000000000000e+03
5.088000000000000000e+03
5.086000000000000000e+03
5.084000000000000000e+03
5.082000000000000000e+03
5.080000000000000000e+03
5.078000000000000000e+03
5.076000000000000000e+03
5.074000000000000000e+03
5.072000000000000000e+03
5.070000000000000000e+03
5.068000000000000000e+03
5.066000000000000000e+03
5.064000000000000000e+03
