5.892000000000000000e+03
5.890000000000000000e+03
5.888000000000000000e+03
5.886000000000000000e+03
5.884000000000000000e+03
5.882000000000000000e+03
5.880000000000000000e+03
5.878000000000000000e+03
5.876000000000000000e+03
5.874000000000000000e+03
5.872000000000000000e+03
5.870000000000000000e+03
5.868000000000000000e+03
5.866000000000000000e+03
5.864000000000000000e+03
5.862000000000000000e+03
5.860000000000000000e+03
5.858000000000000000e+03
5.856000000000000000e+03
5.854000000000000000e+03
5.852000000000000000e+03
5.850000000000000000e+03
5.848000000000000000e+03
5.846000000000000000e+03
5.844000000000000000e+03
5.842000000000000000e+03
5.840000000000000000e+03
5.838000000000000000e+03
5.836000000000000000e+03
5.834000000000000000e+03
5.832000000000000000e+03
5.830000000000000000e+03
5.828000000000000000e+03
5.826000000000000000e+03
5.824000000000000000e+03
5.822000000000000000e+03
5.820000000000000000e+03
5.818000000000000000e+03
5.816000000000000000e+03
5.814000000000000000e+03
5.812000000000000000e+03
5.810000000000000000e+03
5.808000000000000000e+03
5.806000000000000000e+03
5.804000000000000000e+03
5.802000000000000000e+03
5.800000000000000000e+03
5.798000000000000000e+03
5.796000000000000000e+03
5.794000000000000000e+03
