-6.172000000000000455e+02
-6.174000000000000909e+02
-6.176000000000001364e+02
-6.178000000000001819e+02
-6.180000000000002274e+02
-6.182000000000002728e+02
-6.184000000000003183e+02
-6.186000000000003638e+02
-6.188000000000004093e+02
-6.190000000000004547e+02
-6.192000000000005002e+02
-6.194000000000005457e+02
-6.196000000000005912e+02
-6.198000000000006366e+02
-6.200000000000006821e+02
-6.202000000000007276e+02
-6.204000000000007731e+02
-6.206000000000008185e+02
-6.208000000000008640e+02
-6.210000000000009095e+02
-6.212000000000009550e+02
-6.214000000000010004e+02
-6.216000000000010459e+02
-6.218000000000010914e+02
-6.220000000000011369e+02
-6.222000000000011823e+02
-6.224000000000012278e+02
