2.138500000000000000e+04
2.138000000000000000e+04
2.137500000000000000e+04
2.137000000000000000e+04
2.136500000000000000e+04
2.136000000000000000e+04
2.135500000000000000e+04
2.135000000000000000e+04
2.134500000000000000e+04
2.134000000000000000e+04
2.133500000000000000e+04
2.133000000000000000e+04
2.132500000000000000e+04
2.132000000000000000e+04
2.131500000000000000e+04
2.131000000000000000e+04
2.130500000000000000e+04
2.130000000000000000e+04
2.129500000000000000e+04
2.129000000000000000e+04
2.128500000000000000e+04
2.128000000000000000e+04
2.127500000000000000e+04
2.127000000000000000e+04
2.126500000000000000e+04
2.126000000000000000e+04
2.125500000000000000e+04
2.125000000000000000e+04
2.124500000000000000e+04
2.124000000000000000e+04
2.123500000000000000e+04
2.123000000000000000e+04
2.122500000000000000e+04
2.122000000000000000e+04
2.121500000000000000e+04
2.121000000000000000e+04
2.120500000000000000e+04
2.120000000000000000e+04
2.119500000000000000e+04
2.119000000000000000e+04
2.118500000000000000e+04
2.118000000000000000e+04
2.117500000000000000e+04
2.117000000000000000e+04
2.116500000000000000e+04
2.116000000000000000e+04
2.115500000000000000e+04
2.115000000000000000e+04
2.114500000000000000e+04
2.114000000000000000e+04
2.113500000000000000e+04
2.113000000000000000e+04
2.112500000000000000e+04
2.112000000000000000e+04
2.111500000000000000e+04
2.111000000000000000e+04
2.110500000000000000e+04
2.110000000000000000e+04
2.109500000000000000e+04
2.109000000000000000e+04
2.108500000000000000e+04
2.108000000000000000e+04
2.107500000000000000e+04
2.107000000000000000e+04
2.106500000000000000e+04
2.106000000000000000e+04
2.105500000000000000e+04
2.105000000000000000e+04
2.104500000000000000e+04
2.104000000000000000e+04
2.103500000000000000e+04
2.103000000000000000e+04
2.102500000000000000e+04
