-1.409000000000000000e+04
-1.409500000000000000e+04
-1.410000000000000000e+04
-1.410500000000000000e+04
-1.411000000000000000e+04
-1.411500000000000000e+04
-1.412000000000000000e+04
-1.412500000000000000e+04
-1.413000000000000000e+04
-1.413500000000000000e+04
-1.414000000000000000e+04
-1.414500000000000000e+04
-1.415000000000000000e+04
-1.415500000000000000e+04
-1.416000000000000000e+04
-1.416500000000000000e+04
-1.417000000000000000e+04
-1.417500000000000000e+04
-1.418000000000000000e+04
-1.418500000000000000e+04
-1.419000000000000000e+04
-1.419500000000000000e+04
-1.420000000000000000e+04
-1.420500000000000000e+04
-1.421000000000000000e+04
-1.421500000000000000e+04
-1.422000000000000000e+04
-1.422500000000000000e+04
