2.540000000000000000e+03
2.538000000000000000e+03
2.536000000000000000e+03
2.534000000000000000e+03
2.532000000000000000e+03
2.530000000000000000e+03
2.528000000000000000e+03
2.526000000000000000e+03
2.524000000000000000e+03
2.522000000000000000e+03
2.520000000000000000e+03
2.518000000000000000e+03
2.516000000000000000e+03
2.514000000000000000e+03
2.512000000000000000e+03
2.510000000000000000e+03
2.508000000000000000e+03
2.506000000000000000e+03
2.504000000000000000e+03
2.502000000000000000e+03
2.500000000000000000e+03
2.498000000000000000e+03
2.496000000000000000e+03
2.494000000000000000e+03
2.492000000000000000e+03
2.490000000000000000e+03
2.488000000000000000e+03
2.486000000000000000e+03
2.484000000000000000e+03
2.482000000000000000e+03
2.480000000000000000e+03
2.478000000000000000e+03
2.476000000000000000e+03
2.474000000000000000e+03
2.472000000000000000e+03
2.470000000000000000e+03
2.468000000000000000e+03
2.466000000000000000e+03
2.464000000000000000e+03
2.462000000000000000e+03
2.460000000000000000e+03
2.458000000000000000e+03
