-2.963000000000000000e+03
-2.964000000000000000e+03
-2.965000000000000000e+03
-2.966000000000000000e+03
-2.967000000000000000e+03
-2.968000000000000000e+03
-2.969000000000000000e+03
-2.970000000000000000e+03
-2.971000000000000000e+03
-2.972000000000000000e+03
-2.973000000000000000e+03
-2.974000000000000000e+03
-2.975000000000000000e+03
-2.976000000000000000e+03
-2.977000000000000000e+03
-2.978000000000000000e+03
-2.979000000000000000e+03
-2.980000000000000000e+03
-2.981000000000000000e+03
-2.982000000000000000e+03
-2.983000000000000000e+03
-2.984000000000000000e+03
