6.601800000000000182e+03
6.601600000000000364e+03
6.601400000000000546e+03
6.601200000000000728e+03
6.601000000000000909e+03
6.600800000000001091e+03
6.600600000000001273e+03
6.600400000000001455e+03
6.600200000000001637e+03
6.600000000000001819e+03
6.599800000000002001e+03
6.599600000000002183e+03
6.599400000000002365e+03
6.599200000000002547e+03
6.599000000000002728e+03
6.598800000000002910e+03
6.598600000000003092e+03
6.598400000000003274e+03
6.598200000000003456e+03
6.598000000000003638e+03
6.597800000000003820e+03
6.597600000000004002e+03
6.597400000000004184e+03
6.597200000000004366e+03
6.597000000000004547e+03
6.596800000000004729e+03
6.596600000000004911e+03
6.596400000000005093e+03
6.596200000000005275e+03
6.596000000000005457e+03
6.595800000000005639e+03
6.595600000000005821e+03
6.595400000000006003e+03
6.595200000000006185e+03
6.595000000000006366e+03
6.594800000000006548e+03
6.594600000000006730e+03
6.594400000000006912e+03
6.594200000000007094e+03
6.594000000000007276e+03
6.593800000000007458e+03
6.593600000000007640e+03
6.593400000000007822e+03
6.593200000000008004e+03
6.593000000000008185e+03
6.592800000000008367e+03
6.592600000000008549e+03
6.592400000000008731e+03
6.592200000000008913e+03
6.592000000000009095e+03
6.591800000000009277e+03
6.591600000000009459e+03
6.591400000000009641e+03
6.591200000000009823e+03
6.591000000000010004e+03
6.590800000000010186e+03
6.590600000000010368e+03
6.590400000000010550e+03
6.590200000000010732e+03
6.590000000000010914e+03
6.589800000000011096e+03
6.589600000000011278e+03
6.589400000000011460e+03
6.589200000000011642e+03
6.589000000000011823e+03
6.588800000000012005e+03
6.588600000000012187e+03
6.588400000000012369e+03
6.588200000000012551e+03
6.588000000000012733e+03
6.587800000000012915e+03
6.587600000000013097e+03
6.587400000000013279e+03
6.587200000000013461e+03
6.587000000000013642e+03
6.586800000000013824e+03
6.586600000000014006e+03
6.586400000000014188e+03
6.586200000000014370e+03
6.586000000000014552e+03
6.585800000000014734e+03
6.585600000000014916e+03
6.585400000000015098e+03
6.585200000000015280e+03
6.585000000000015461e+03
6.584800000000015643e+03
6.584600000000015825e+03
6.584400000000016007e+03
6.584200000000016189e+03
6.584000000000016371e+03
6.583800000000016553e+03
6.583600000000016735e+03
6.583400000000016917e+03
6.583200000000017099e+03
6.583000000000017280e+03
6.582800000000017462e+03
6.582600000000017644e+03
6.582400000000017826e+03
6.582200000000018008e+03
6.582000000000018190e+03
6.581800000000018372e+03
6.581600000000018554e+03
6.581400000000018736e+03
6.581200000000018917e+03
6.581000000000019099e+03
6.580800000000019281e+03
6.580600000000019463e+03
6.580400000000019645e+03
6.580200000000019827e+03
6.580000000000020009e+03
6.579800000000020191e+03
6.579600000000020373e+03
6.579400000000020555e+03
6.579200000000020736e+03
6.579000000000020918e+03
6.578800000000021100e+03
6.578600000000021282e+03
6.578400000000021464e+03
6.578200000000021646e+03
6.578000000000021828e+03
6.577800000000022010e+03
6.577600000000022192e+03
6.577400000000022374e+03
6.577200000000022555e+03
6.577000000000022737e+03
6.576800000000022919e+03
6.576600000000023101e+03
6.576400000000023283e+03
6.576200000000023465e+03
6.576000000000023647e+03
6.575800000000023829e+03
6.575600000000024011e+03
6.575400000000024193e+03
6.575200000000024374e+03
6.575000000000024556e+03
6.574800000000024738e+03
6.574600000000024920e+03
6.574400000000025102e+03
6.574200000000025284e+03
6.574000000000025466e+03
6.573800000000025648e+03
6.573600000000025830e+03
6.573400000000026012e+03
6.573200000000026193e+03
6.573000000000026375e+03
6.572800000000026557e+03
6.572600000000026739e+03
6.572400000000026921e+03
6.572200000000027103e+03
6.572000000000027285e+03
6.571800000000027467e+03
6.571600000000027649e+03
6.571400000000027831e+03
6.571200000000028012e+03
6.571000000000028194e+03
6.570800000000028376e+03
6.570600000000028558e+03
6.570400000000028740e+03
6.570200000000028922e+03
6.570000000000029104e+03
6.569800000000029286e+03
6.569600000000029468e+03
6.569400000000029650e+03
6.569200000000029831e+03
6.569000000000030013e+03
6.568800000000030195e+03
6.568600000000030377e+03
6.568400000000030559e+03
6.568200000000030741e+03
6.568000000000030923e+03
6.567800000000031105e+03
6.567600000000031287e+03
6.567400000000031469e+03
6.567200000000031650e+03
6.567000000000031832e+03
6.566800000000032014e+03
6.566600000000032196e+03
6.566400000000032378e+03
6.566200000000032560e+03
6.566000000000032742e+03
6.565800000000032924e+03
6.565600000000033106e+03
6.565400000000033288e+03
6.565200000000033469e+03
6.565000000000033651e+03
6.564800000000033833e+03
6.564600000000034015e+03
6.564400000000034197e+03
6.564200000000034379e+03
6.564000000000034561e+03
6.563800000000034743e+03
6.563600000000034925e+03
6.563400000000035106e+03
6.563200000000035288e+03
6.563000000000035470e+03
6.562800000000035652e+03
6.562600000000035834e+03
6.562400000000036016e+03
6.562200000000036198e+03
6.562000000000036380e+03
6.561800000000036562e+03
6.561600000000036744e+03
6.561400000000036925e+03
6.561200000000037107e+03
6.561000000000037289e+03
6.560800000000037471e+03
6.560600000000037653e+03
6.560400000000037835e+03
6.560200000000038017e+03
6.560000000000038199e+03
6.559800000000038381e+03
6.559600000000038563e+03
6.559400000000038744e+03
6.559200000000038926e+03
6.559000000000039108e+03
6.558800000000039290e+03
6.558600000000039472e+03
6.558400000000039654e+03
6.558200000000039836e+03
6.558000000000040018e+03
6.557800000000040200e+03
6.557600000000040382e+03
6.557400000000040563e+03
6.557200000000040745e+03
6.557000000000040927e+03
6.556800000000041109e+03
6.556600000000041291e+03
6.556400000000041473e+03
6.556200000000041655e+03
6.556000000000041837e+03
6.555800000000042019e+03
6.555600000000042201e+03
6.555400000000042382e+03
6.555200000000042564e+03
6.555000000000042746e+03
6.554800000000042928e+03
6.554600000000043110e+03
6.554400000000043292e+03
6.554200000000043474e+03
6.554000000000043656e+03
6.553800000000043838e+03
6.553600000000044020e+03
6.553400000000044201e+03
6.553200000000044383e+03
6.553000000000044565e+03
6.552800000000044747e+03
6.552600000000044929e+03
6.552400000000045111e+03
6.552200000000045293e+03
6.552000000000045475e+03
6.551800000000045657e+03
6.551600000000045839e+03
6.551400000000046020e+03
6.551200000000046202e+03
6.551000000000046384e+03
6.550800000000046566e+03
6.550600000000046748e+03
6.550400000000046930e+03
6.550200000000047112e+03
6.550000000000047294e+03
6.549800000000047476e+03
6.549600000000047658e+03
6.549400000000047839e+03
6.549200000000048021e+03
6.549000000000048203e+03
6.548800000000048385e+03
6.548600000000048567e+03
6.548400000000048749e+03
6.548200000000048931e+03
6.548000000000049113e+03
6.547800000000049295e+03
6.547600000000049477e+03
6.547400000000049658e+03
6.547200000000049840e+03
6.547000000000050022e+03
6.546800000000050204e+03
6.546600000000050386e+03
6.546400000000050568e+03
6.546200000000050750e+03
6.546000000000050932e+03
6.545800000000051114e+03
6.545600000000051296e+03
6.545400000000051477e+03
6.545200000000051659e+03
6.545000000000051841e+03
6.544800000000052023e+03
6.544600000000052205e+03
6.544400000000052387e+03
6.544200000000052569e+03
6.544000000000052751e+03
6.543800000000052933e+03
6.543600000000053114e+03
6.543400000000053296e+03
6.543200000000053478e+03
6.543000000000053660e+03
6.542800000000053842e+03
6.542600000000054024e+03
6.542400000000054206e+03
6.542200000000054388e+03
6.542000000000054570e+03
6.541800000000054752e+03
6.541600000000054933e+03
6.541400000000055115e+03
6.541200000000055297e+03
6.541000000000055479e+03
6.540800000000055661e+03
6.540600000000055843e+03
6.540400000000056025e+03
6.540200000000056207e+03
6.540000000000056389e+03
6.539800000000056571e+03
6.539600000000056752e+03
6.539400000000056934e+03
6.539200000000057116e+03
6.539000000000057298e+03
6.538800000000057480e+03
6.538600000000057662e+03
6.538400000000057844e+03
6.538200000000058026e+03
6.538000000000058208e+03
6.537800000000058390e+03
6.537600000000058571e+03
6.537400000000058753e+03
6.537200000000058935e+03
6.537000000000059117e+03
6.536800000000059299e+03
6.536600000000059481e+03
6.536400000000059663e+03
6.536200000000059845e+03
6.536000000000060027e+03
6.535800000000060209e+03
6.535600000000060390e+03
6.535400000000060572e+03
6.535200000000060754e+03
6.535000000000060936e+03
6.534800000000061118e+03
6.534600000000061300e+03
6.534400000000061482e+03
6.534200000000061664e+03
6.534000000000061846e+03
6.533800000000062028e+03
6.533600000000062209e+03
6.533400000000062391e+03
6.533200000000062573e+03
6.533000000000062755e+03
6.532800000000062937e+03
6.532600000000063119e+03
6.532400000000063301e+03
6.532200000000063483e+03
6.532000000000063665e+03
6.531800000000063847e+03
6.531600000000064028e+03
6.531400000000064210e+03
6.531200000000064392e+03
6.531000000000064574e+03
6.530800000000064756e+03
6.530600000000064938e+03
6.530400000000065120e+03
6.530200000000065302e+03
6.530000000000065484e+03
6.529800000000065666e+03
6.529600000000065847e+03
6.529400000000066029e+03
6.529200000000066211e+03
6.529000000000066393e+03
6.528800000000066575e+03
6.528600000000066757e+03
6.528400000000066939e+03
6.528200000000067121e+03
6.528000000000067303e+03
6.527800000000067485e+03
6.527600000000067666e+03
6.527400000000067848e+03
6.527200000000068030e+03
6.527000000000068212e+03
6.526800000000068394e+03
6.526600000000068576e+03
6.526400000000068758e+03
6.526200000000068940e+03
6.526000000000069122e+03
6.525800000000069303e+03
6.525600000000069485e+03
6.525400000000069667e+03
6.525200000000069849e+03
6.525000000000070031e+03
6.524800000000070213e+03
6.524600000000070395e+03
6.524400000000070577e+03
6.524200000000070759e+03
6.524000000000070941e+03
6.523800000000071122e+03
6.523600000000071304e+03
6.523400000000071486e+03
6.523200000000071668e+03
6.523000000000071850e+03
6.522800000000072032e+03
6.522600000000072214e+03
6.522400000000072396e+03
6.522200000000072578e+03
6.522000000000072760e+03
6.521800000000072941e+03
6.521600000000073123e+03
6.521400000000073305e+03
6.521200000000073487e+03
6.521000000000073669e+03
6.520800000000073851e+03
6.520600000000074033e+03
6.520400000000074215e+03
6.520200000000074397e+03
6.520000000000074579e+03
6.519800000000074760e+03
6.519600000000074942e+03
6.519400000000075124e+03
6.519200000000075306e+03
6.519000000000075488e+03
6.518800000000075670e+03
6.518600000000075852e+03
