3.506600000000000364e+03
3.506400000000000546e+03
3.506200000000000728e+03
3.506000000000000909e+03
3.505800000000001091e+03
3.505600000000001273e+03
3.505400000000001455e+03
3.505200000000001637e+03
3.505000000000001819e+03
3.504800000000002001e+03
3.504600000000002183e+03
3.504400000000002365e+03
3.504200000000002547e+03
3.504000000000002728e+03
3.503800000000002910e+03
3.503600000000003092e+03
3.503400000000003274e+03
3.503200000000003456e+03
3.503000000000003638e+03
3.502800000000003820e+03
3.502600000000004002e+03
3.502400000000004184e+03
3.502200000000004366e+03
3.502000000000004547e+03
3.501800000000004729e+03
3.501600000000004911e+03
3.501400000000005093e+03
3.501200000000005275e+03
3.501000000000005457e+03
3.500800000000005639e+03
3.500600000000005821e+03
3.500400000000006003e+03
3.500200000000006185e+03
3.500000000000006366e+03
3.499800000000006548e+03
3.499600000000006730e+03
3.499400000000006912e+03
3.499200000000007094e+03
3.499000000000007276e+03
3.498800000000007458e+03
3.498600000000007640e+03
3.498400000000007822e+03
3.498200000000008004e+03
3.498000000000008185e+03
3.497800000000008367e+03
3.497600000000008549e+03
3.497400000000008731e+03
3.497200000000008913e+03
3.497000000000009095e+03
3.496800000000009277e+03
3.496600000000009459e+03
3.496400000000009641e+03
3.496200000000009823e+03
3.496000000000010004e+03
3.495800000000010186e+03
3.495600000000010368e+03
3.495400000000010550e+03
3.495200000000010732e+03
3.495000000000010914e+03
3.494800000000011096e+03
3.494600000000011278e+03
3.494400000000011460e+03
3.494200000000011642e+03
3.494000000000011823e+03
3.493800000000012005e+03
3.493600000000012187e+03
3.493400000000012369e+03
3.493200000000012551e+03
3.493000000000012733e+03
3.492800000000012915e+03
3.492600000000013097e+03
3.492400000000013279e+03
3.492200000000013461e+03
3.492000000000013642e+03
3.491800000000013824e+03
3.491600000000014006e+03
3.491400000000014188e+03
3.491200000000014370e+03
3.491000000000014552e+03
3.490800000000014734e+03
3.490600000000014916e+03
3.490400000000015098e+03
3.490200000000015280e+03
3.490000000000015461e+03
3.489800000000015643e+03
3.489600000000015825e+03
3.489400000000016007e+03
3.489200000000016189e+03
3.489000000000016371e+03
3.488800000000016553e+03
3.488600000000016735e+03
3.488400000000016917e+03
3.488200000000017099e+03
3.488000000000017280e+03
3.487800000000017462e+03
3.487600000000017644e+03
3.487400000000017826e+03
3.487200000000018008e+03
3.487000000000018190e+03
3.486800000000018372e+03
3.486600000000018554e+03
3.486400000000018736e+03
3.486200000000018917e+03
3.486000000000019099e+03
3.485800000000019281e+03
3.485600000000019463e+03
3.485400000000019645e+03
3.485200000000019827e+03
3.485000000000020009e+03
3.484800000000020191e+03
3.484600000000020373e+03
3.484400000000020555e+03
3.484200000000020736e+03
3.484000000000020918e+03
3.483800000000021100e+03
3.483600000000021282e+03
3.483400000000021464e+03
3.483200000000021646e+03
3.483000000000021828e+03
3.482800000000022010e+03
3.482600000000022192e+03
3.482400000000022374e+03
3.482200000000022555e+03
3.482000000000022737e+03
3.481800000000022919e+03
3.481600000000023101e+03
3.481400000000023283e+03
3.481200000000023465e+03
3.481000000000023647e+03
3.480800000000023829e+03
3.480600000000024011e+03
3.480400000000024193e+03
3.480200000000024374e+03
3.480000000000024556e+03
3.479800000000024738e+03
3.479600000000024920e+03
3.479400000000025102e+03
3.479200000000025284e+03
3.479000000000025466e+03
3.478800000000025648e+03
3.478600000000025830e+03
3.478400000000026012e+03
3.478200000000026193e+03
3.478000000000026375e+03
3.477800000000026557e+03
3.477600000000026739e+03
3.477400000000026921e+03
3.477200000000027103e+03
3.477000000000027285e+03
