2.366400000000000091e+03
2.366200000000000273e+03
2.366000000000000455e+03
2.365800000000000637e+03
2.365600000000000819e+03
2.365400000000001000e+03
2.365200000000001182e+03
2.365000000000001364e+03
2.364800000000001546e+03
2.364600000000001728e+03
2.364400000000001910e+03
2.364200000000002092e+03
2.364000000000002274e+03
2.363800000000002456e+03
2.363600000000002638e+03
2.363400000000002819e+03
2.363200000000003001e+03
2.363000000000003183e+03
2.362800000000003365e+03
2.362600000000003547e+03
2.362400000000003729e+03
2.362200000000003911e+03
2.362000000000004093e+03
2.361800000000004275e+03
2.361600000000004457e+03
2.361400000000004638e+03
2.361200000000004820e+03
2.361000000000005002e+03
2.360800000000005184e+03
2.360600000000005366e+03
2.360400000000005548e+03
2.360200000000005730e+03
2.360000000000005912e+03
2.359800000000006094e+03
2.359600000000006276e+03
2.359400000000006457e+03
2.359200000000006639e+03
2.359000000000006821e+03
2.358800000000007003e+03
2.358600000000007185e+03
2.358400000000007367e+03
2.358200000000007549e+03
2.358000000000007731e+03
2.357800000000007913e+03
2.357600000000008095e+03
2.357400000000008276e+03
2.357200000000008458e+03
2.357000000000008640e+03
2.356800000000008822e+03
2.356600000000009004e+03
2.356400000000009186e+03
2.356200000000009368e+03
2.356000000000009550e+03
2.355800000000009732e+03
2.355600000000009913e+03
2.355400000000010095e+03
2.355200000000010277e+03
2.355000000000010459e+03
2.354800000000010641e+03
2.354600000000010823e+03
2.354400000000011005e+03
2.354200000000011187e+03
2.354000000000011369e+03
2.353800000000011551e+03
2.353600000000011732e+03
2.353400000000011914e+03
2.353200000000012096e+03
2.353000000000012278e+03
2.352800000000012460e+03
2.352600000000012642e+03
2.352400000000012824e+03
2.352200000000013006e+03
2.352000000000013188e+03
2.351800000000013370e+03
2.351600000000013551e+03
2.351400000000013733e+03
2.351200000000013915e+03
2.351000000000014097e+03
2.350800000000014279e+03
2.350600000000014461e+03
2.350400000000014643e+03
2.350200000000014825e+03
2.350000000000015007e+03
2.349800000000015189e+03
