3.889000000000000000e+03
3.888000000000000000e+03
3.887000000000000000e+03
3.886000000000000000e+03
3.885000000000000000e+03
3.884000000000000000e+03
3.883000000000000000e+03
3.882000000000000000e+03
3.881000000000000000e+03
3.880000000000000000e+03
3.879000000000000000e+03
3.878000000000000000e+03
3.877000000000000000e+03
3.876000000000000000e+03
3.875000000000000000e+03
3.874000000000000000e+03
3.873000000000000000e+03
3.872000000000000000e+03
3.871000000000000000e+03
3.870000000000000000e+03
3.869000000000000000e+03
3.868000000000000000e+03
3.867000000000000000e+03
