1.147000000000000000e+03
1.146500000000000000e+03
1.146000000000000000e+03
1.145500000000000000e+03
1.145000000000000000e+03
1.144500000000000000e+03
1.144000000000000000e+03
1.143500000000000000e+03
1.143000000000000000e+03
1.142500000000000000e+03
1.142000000000000000e+03
1.141500000000000000e+03
1.141000000000000000e+03
1.140500000000000000e+03
1.140000000000000000e+03
1.139500000000000000e+03
1.139000000000000000e+03
1.138500000000000000e+03
1.138000000000000000e+03
1.137500000000000000e+03
1.137000000000000000e+03
1.136500000000000000e+03
1.136000000000000000e+03
1.135500000000000000e+03
1.135000000000000000e+03
1.134500000000000000e+03
1.134000000000000000e+03
1.133500000000000000e+03
1.133000000000000000e+03
1.132500000000000000e+03
1.132000000000000000e+03
1.131500000000000000e+03
1.131000000000000000e+03
1.130500000000000000e+03
1.130000000000000000e+03
1.129500000000000000e+03
1.129000000000000000e+03
1.128500000000000000e+03
1.128000000000000000e+03
1.127500000000000000e+03
1.127000000000000000e+03
1.126500000000000000e+03
1.126000000000000000e+03
1.125500000000000000e+03
1.125000000000000000e+03
1.124500000000000000e+03
1.124000000000000000e+03
1.123500000000000000e+03
1.123000000000000000e+03
1.122500000000000000e+03
1.122000000000000000e+03
1.121500000000000000e+03
1.121000000000000000e+03
1.120500000000000000e+03
1.120000000000000000e+03
1.119500000000000000e+03
1.119000000000000000e+03
1.118500000000000000e+03
1.118000000000000000e+03
1.117500000000000000e+03
1.117000000000000000e+03
1.116500000000000000e+03
1.116000000000000000e+03
1.115500000000000000e+03
1.115000000000000000e+03
1.114500000000000000e+03
1.114000000000000000e+03
1.113500000000000000e+03
1.113000000000000000e+03
1.112500000000000000e+03
1.112000000000000000e+03
1.111500000000000000e+03
1.111000000000000000e+03
1.110500000000000000e+03
1.110000000000000000e+03
1.109500000000000000e+03
1.109000000000000000e+03
1.108500000000000000e+03
1.108000000000000000e+03
