9.065000000000000000e+03
9.060000000000000000e+03
9.055000000000000000e+03
9.050000000000000000e+03
9.045000000000000000e+03
9.040000000000000000e+03
9.035000000000000000e+03
9.030000000000000000e+03
9.025000000000000000e+03
9.020000000000000000e+03
9.015000000000000000e+03
9.010000000000000000e+03
9.005000000000000000e+03
9.000000000000000000e+03
8.995000000000000000e+03
8.990000000000000000e+03
8.985000000000000000e+03
8.980000000000000000e+03
8.975000000000000000e+03
8.970000000000000000e+03
8.965000000000000000e+03
8.960000000000000000e+03
8.955000000000000000e+03
8.950000000000000000e+03
8.945000000000000000e+03
8.940000000000000000e+03
8.935000000000000000e+03
8.930000000000000000e+03
8.925000000000000000e+03
8.920000000000000000e+03
8.915000000000000000e+03
8.910000000000000000e+03
8.905000000000000000e+03
8.900000000000000000e+03
8.895000000000000000e+03
8.890000000000000000e+03
8.885000000000000000e+03
8.880000000000000000e+03
8.875000000000000000e+03
8.870000000000000000e+03
8.865000000000000000e+03
8.860000000000000000e+03
8.855000000000000000e+03
8.850000000000000000e+03
8.845000000000000000e+03
8.840000000000000000e+03
