2.470000000000000000e+03
2.469000000000000000e+03
2.468000000000000000e+03
2.467000000000000000e+03
2.466000000000000000e+03
2.465000000000000000e+03
2.464000000000000000e+03
2.463000000000000000e+03
2.462000000000000000e+03
2.461000000000000000e+03
2.460000000000000000e+03
2.459000000000000000e+03
2.458000000000000000e+03
2.457000000000000000e+03
2.456000000000000000e+03
2.455000000000000000e+03
2.454000000000000000e+03
2.453000000000000000e+03
2.452000000000000000e+03
2.451000000000000000e+03
2.450000000000000000e+03
2.449000000000000000e+03
2.448000000000000000e+03
2.447000000000000000e+03
2.446000000000000000e+03
2.445000000000000000e+03
2.444000000000000000e+03
2.443000000000000000e+03
2.442000000000000000e+03
2.441000000000000000e+03
2.440000000000000000e+03
2.439000000000000000e+03
2.438000000000000000e+03
2.437000000000000000e+03
2.436000000000000000e+03
2.435000000000000000e+03
2.434000000000000000e+03
2.433000000000000000e+03
2.432000000000000000e+03
2.431000000000000000e+03
2.430000000000000000e+03
2.429000000000000000e+03
2.428000000000000000e+03
2.427000000000000000e+03
2.426000000000000000e+03
2.425000000000000000e+03
2.424000000000000000e+03
2.423000000000000000e+03
2.422000000000000000e+03
2.421000000000000000e+03
2.420000000000000000e+03
2.419000000000000000e+03
2.418000000000000000e+03
2.417000000000000000e+03
2.416000000000000000e+03
2.415000000000000000e+03
2.414000000000000000e+03
2.413000000000000000e+03
2.412000000000000000e+03
2.411000000000000000e+03
2.410000000000000000e+03
2.409000000000000000e+03
2.408000000000000000e+03
2.407000000000000000e+03
2.406000000000000000e+03
2.405000000000000000e+03
2.404000000000000000e+03
2.403000000000000000e+03
2.402000000000000000e+03
2.401000000000000000e+03
2.400000000000000000e+03
2.399000000000000000e+03
2.398000000000000000e+03
2.397000000000000000e+03
2.396000000000000000e+03
2.395000000000000000e+03
2.394000000000000000e+03
2.393000000000000000e+03
2.392000000000000000e+03
2.391000000000000000e+03
