8.164000000000000000e+04
8.163000000000000000e+04
8.162000000000000000e+04
8.161000000000000000e+04
8.160000000000000000e+04
8.159000000000000000e+04
8.158000000000000000e+04
8.157000000000000000e+04
8.156000000000000000e+04
8.155000000000000000e+04
8.154000000000000000e+04
8.153000000000000000e+04
8.152000000000000000e+04
8.151000000000000000e+04
8.150000000000000000e+04
8.149000000000000000e+04
8.148000000000000000e+04
8.147000000000000000e+04
8.146000000000000000e+04
8.145000000000000000e+04
8.144000000000000000e+04
8.143000000000000000e+04
8.142000000000000000e+04
8.141000000000000000e+04
8.140000000000000000e+04
8.139000000000000000e+04
8.138000000000000000e+04
8.137000000000000000e+04
8.136000000000000000e+04
8.135000000000000000e+04
8.134000000000000000e+04
8.133000000000000000e+04
8.132000000000000000e+04
8.131000000000000000e+04
8.130000000000000000e+04
8.129000000000000000e+04
8.128000000000000000e+04
8.127000000000000000e+04
8.126000000000000000e+04
8.125000000000000000e+04
8.124000000000000000e+04
8.123000000000000000e+04
8.122000000000000000e+04
8.121000000000000000e+04
8.120000000000000000e+04
8.119000000000000000e+04
8.118000000000000000e+04
8.117000000000000000e+04
8.116000000000000000e+04
8.115000000000000000e+04
8.114000000000000000e+04
8.113000000000000000e+04
8.112000000000000000e+04
8.111000000000000000e+04
8.110000000000000000e+04
8.109000000000000000e+04
8.108000000000000000e+04
8.107000000000000000e+04
8.106000000000000000e+04
8.105000000000000000e+04
8.104000000000000000e+04
8.103000000000000000e+04
8.102000000000000000e+04
8.101000000000000000e+04
8.100000000000000000e+04
8.099000000000000000e+04
8.098000000000000000e+04
8.097000000000000000e+04
8.096000000000000000e+04
8.095000000000000000e+04
8.094000000000000000e+04
8.093000000000000000e+04
8.092000000000000000e+04
8.091000000000000000e+04
8.090000000000000000e+04
8.089000000000000000e+04
8.088000000000000000e+04
8.087000000000000000e+04
8.086000000000000000e+04
8.085000000000000000e+04
8.084000000000000000e+04
8.083000000000000000e+04
8.082000000000000000e+04
8.081000000000000000e+04
8.080000000000000000e+04
8.079000000000000000e+04
8.078000000000000000e+04
8.077000000000000000e+04
8.076000000000000000e+04
8.075000000000000000e+04
8.074000000000000000e+04
8.073000000000000000e+04
8.072000000000000000e+04
8.071000000000000000e+04
8.070000000000000000e+04
8.069000000000000000e+04
8.068000000000000000e+04
