1.499000000000000000e+04
1.498500000000000000e+04
1.498000000000000000e+04
1.497500000000000000e+04
1.497000000000000000e+04
1.496500000000000000e+04
1.496000000000000000e+04
1.495500000000000000e+04
1.495000000000000000e+04
1.494500000000000000e+04
1.494000000000000000e+04
1.493500000000000000e+04
1.493000000000000000e+04
1.492500000000000000e+04
1.492000000000000000e+04
1.491500000000000000e+04
1.491000000000000000e+04
1.490500000000000000e+04
1.490000000000000000e+04
1.489500000000000000e+04
1.489000000000000000e+04
1.488500000000000000e+04
1.488000000000000000e+04
1.487500000000000000e+04
1.487000000000000000e+04
1.486500000000000000e+04
1.486000000000000000e+04
1.485500000000000000e+04
1.485000000000000000e+04
1.484500000000000000e+04
1.484000000000000000e+04
1.483500000000000000e+04
