1.412400000000000000e+05
1.412300000000000000e+05
1.412200000000000000e+05
1.412100000000000000e+05
1.412000000000000000e+05
1.411900000000000000e+05
1.411800000000000000e+05
1.411700000000000000e+05
1.411600000000000000e+05
1.411500000000000000e+05
1.411400000000000000e+05
1.411300000000000000e+05
1.411200000000000000e+05
1.411100000000000000e+05
1.411000000000000000e+05
1.410900000000000000e+05
1.410800000000000000e+05
1.410700000000000000e+05
1.410600000000000000e+05
1.410500000000000000e+05
1.410400000000000000e+05
1.410300000000000000e+05
1.410200000000000000e+05
1.410100000000000000e+05
1.410000000000000000e+05
