9.689500000000001023e+01
9.689000000000001478e+01
9.688500000000001933e+01
9.688000000000002387e+01
9.687500000000002842e+01
9.687000000000003297e+01
9.686500000000003752e+01
9.686000000000004206e+01
9.685500000000004661e+01
9.685000000000005116e+01
9.684500000000005571e+01
9.684000000000006025e+01
9.683500000000006480e+01
9.683000000000006935e+01
9.682500000000007390e+01
9.682000000000007844e+01
9.681500000000008299e+01
9.681000000000008754e+01
9.680500000000009209e+01
9.680000000000009663e+01
9.679500000000010118e+01
9.679000000000010573e+01
9.678500000000011028e+01
9.678000000000011482e+01
9.677500000000011937e+01
9.677000000000012392e+01
9.676500000000012847e+01
9.676000000000013301e+01
9.675500000000013756e+01
9.675000000000014211e+01
9.674500000000014666e+01
9.674000000000015120e+01
9.673500000000015575e+01
9.673000000000016030e+01
9.672500000000016485e+01
9.672000000000016939e+01
9.671500000000017394e+01
9.671000000000017849e+01
9.670500000000018304e+01
9.670000000000018758e+01
9.669500000000019213e+01
9.669000000000019668e+01
9.668500000000020123e+01
9.668000000000020577e+01
9.667500000000021032e+01
9.667000000000021487e+01
9.666500000000021942e+01
9.666000000000022396e+01
9.665500000000022851e+01
9.665000000000023306e+01
9.664500000000023761e+01
9.664000000000024215e+01
9.663500000000024670e+01
9.663000000000025125e+01
9.662500000000025580e+01
9.662000000000026034e+01
9.661500000000026489e+01
9.661000000000026944e+01
9.660500000000027399e+01
9.660000000000027853e+01
9.659500000000028308e+01
9.659000000000028763e+01
9.658500000000029218e+01
9.658000000000029672e+01
9.657500000000030127e+01
9.657000000000030582e+01
9.656500000000031037e+01
9.656000000000031491e+01
9.655500000000031946e+01
9.655000000000032401e+01
9.654500000000032855e+01
9.654000000000033310e+01
9.653500000000033765e+01
9.653000000000034220e+01
9.652500000000034674e+01
9.652000000000035129e+01
9.651500000000035584e+01
9.651000000000036039e+01
9.650500000000036493e+01
9.650000000000036948e+01
9.649500000000037403e+01
9.649000000000037858e+01
9.648500000000038312e+01
