9.900000000000000000e+01
9.899500000000000455e+01
9.899000000000000909e+01
9.898500000000001364e+01
9.898000000000001819e+01
9.897500000000002274e+01
9.897000000000002728e+01
9.896500000000003183e+01
9.896000000000003638e+01
9.895500000000004093e+01
9.895000000000004547e+01
9.894500000000005002e+01
9.894000000000005457e+01
9.893500000000005912e+01
9.893000000000006366e+01
9.892500000000006821e+01
9.892000000000007276e+01
9.891500000000007731e+01
9.891000000000008185e+01
9.890500000000008640e+01
9.890000000000009095e+01
9.889500000000009550e+01
9.889000000000010004e+01
9.888500000000010459e+01
9.888000000000010914e+01
9.887500000000011369e+01
9.887000000000011823e+01
9.886500000000012278e+01
9.886000000000012733e+01
9.885500000000013188e+01
9.885000000000013642e+01
9.884500000000014097e+01
9.884000000000014552e+01
9.883500000000015007e+01
9.883000000000015461e+01
9.882500000000015916e+01
9.882000000000016371e+01
