5.810000000000000000e+03
5.805000000000000000e+03
5.800000000000000000e+03
5.795000000000000000e+03
5.790000000000000000e+03
5.785000000000000000e+03
5.780000000000000000e+03
5.775000000000000000e+03
5.770000000000000000e+03
5.765000000000000000e+03
5.760000000000000000e+03
5.755000000000000000e+03
5.750000000000000000e+03
5.745000000000000000e+03
5.740000000000000000e+03
5.735000000000000000e+03
5.730000000000000000e+03
5.725000000000000000e+03
5.720000000000000000e+03
5.715000000000000000e+03
5.710000000000000000e+03
5.705000000000000000e+03
5.700000000000000000e+03
5.695000000000000000e+03
5.690000000000000000e+03
5.685000000000000000e+03
5.680000000000000000e+03
5.675000000000000000e+03
5.670000000000000000e+03
5.665000000000000000e+03
