2.228620689655172384e+02
1.732162162162162247e+02
2.427714285714289986e+02
2.027000000000000000e+03
3.084146341463414842e+02
2.606818181818181870e+02
6.730606060606060055e+02
1.600000000000000000e+02
5.705172413793103487e+02
3.301904761904762040e+02
9.183199999999999363e+01
1.415523809523809575e+02
2.289285714285714164e+02
1.053000000000000000e+03
2.033333333333333428e+02
1.020090909090909122e+03
8.870714285714285552e+02
1.536756756756756772e+02
4.329200000000000159e+02
9.256000000000000227e+02
2.301489361702127781e+02
2.076666666666666572e+02
2.633399999999999750e+02
1.259259259259259238e+02
2.295185185185185048e+02
5.518333333333333712e+02
1.694500000000000000e+03
2.690769230769230944e+02
4.066999999999999886e+02
3.492000000000000000e+03
9.402637703646237188e-01
2.086143572621034892e+00
2.079375000000000000e+02
9.650000000000000000e+02
8.452112221863914421e-01
3.974444444444178544e+02
1.304769230769247486e+02
5.948829431438137050e+01
inf
1.768000000000007503e+02
5.151000000004661160e+03
