2.893000000000000114e+02
2.892500000000000000e+02
2.891999999999999886e+02
2.891499999999999773e+02
2.890999999999999659e+02
2.890499999999999545e+02
2.889999999999999432e+02
2.889499999999999318e+02
2.888999999999999204e+02
2.888499999999999091e+02
2.887999999999998977e+02
2.887499999999998863e+02
2.886999999999998749e+02
2.886499999999998636e+02
2.885999999999998522e+02
2.885499999999998408e+02
2.884999999999998295e+02
2.884499999999998181e+02
2.883999999999998067e+02
2.883499999999997954e+02
2.882999999999997840e+02
2.882499999999997726e+02
2.881999999999997613e+02
2.881499999999997499e+02
2.880999999999997385e+02
2.880499999999997272e+02
2.879999999999997158e+02
2.879499999999997044e+02
2.878999999999996930e+02
2.878499999999996817e+02
2.877999999999996703e+02
2.877499999999996589e+02
2.876999999999996476e+02
2.876499999999996362e+02
2.875999999999996248e+02
2.875499999999996135e+02
2.874999999999996021e+02
2.874499999999995907e+02
2.873999999999995794e+02
2.873499999999995680e+02
2.872999999999995566e+02
2.872499999999995453e+02
