1.577500000000000000e+04
1.577000000000000000e+04
1.576500000000000000e+04
1.576000000000000000e+04
1.575500000000000000e+04
1.575000000000000000e+04
1.574500000000000000e+04
1.574000000000000000e+04
1.573500000000000000e+04
1.573000000000000000e+04
1.572500000000000000e+04
1.572000000000000000e+04
1.571500000000000000e+04
1.571000000000000000e+04
1.570500000000000000e+04
1.570000000000000000e+04
1.569500000000000000e+04
1.569000000000000000e+04
1.568500000000000000e+04
1.568000000000000000e+04
1.567500000000000000e+04
1.567000000000000000e+04
1.566500000000000000e+04
1.566000000000000000e+04
1.565500000000000000e+04
