-4.609000000000000000e+04
-4.610000000000000000e+04
-4.611000000000000000e+04
-4.612000000000000000e+04
-4.613000000000000000e+04
-4.614000000000000000e+04
-4.615000000000000000e+04
-4.616000000000000000e+04
-4.617000000000000000e+04
-4.618000000000000000e+04
-4.619000000000000000e+04
-4.620000000000000000e+04
-4.621000000000000000e+04
-4.622000000000000000e+04
-4.623000000000000000e+04
-4.624000000000000000e+04
-4.625000000000000000e+04
-4.626000000000000000e+04
-4.627000000000000000e+04
-4.628000000000000000e+04
-4.629000000000000000e+04
-4.630000000000000000e+04
-4.631000000000000000e+04
-4.632000000000000000e+04
-4.633000000000000000e+04
-4.634000000000000000e+04
-4.635000000000000000e+04
-4.636000000000000000e+04
-4.637000000000000000e+04
-4.638000000000000000e+04
-4.639000000000000000e+04
-4.640000000000000000e+04
-4.641000000000000000e+04
-4.642000000000000000e+04
-4.643000000000000000e+04
-4.644000000000000000e+04
-4.645000000000000000e+04
-4.646000000000000000e+04
-4.647000000000000000e+04
-4.648000000000000000e+04
