1.241000000000000000e+03
1.240000000000000000e+03
1.239000000000000000e+03
1.238000000000000000e+03
1.237000000000000000e+03
1.236000000000000000e+03
1.235000000000000000e+03
1.234000000000000000e+03
1.233000000000000000e+03
1.232000000000000000e+03
1.231000000000000000e+03
1.230000000000000000e+03
1.229000000000000000e+03
1.228000000000000000e+03
1.227000000000000000e+03
1.226000000000000000e+03
1.225000000000000000e+03
1.224000000000000000e+03
1.223000000000000000e+03
1.222000000000000000e+03
1.221000000000000000e+03
1.220000000000000000e+03
1.219000000000000000e+03
1.218000000000000000e+03
