3.017000000000000000e+03
3.016000000000000000e+03
3.015000000000000000e+03
3.014000000000000000e+03
3.013000000000000000e+03
3.012000000000000000e+03
3.011000000000000000e+03
3.010000000000000000e+03
3.009000000000000000e+03
3.008000000000000000e+03
3.007000000000000000e+03
3.006000000000000000e+03
3.005000000000000000e+03
3.004000000000000000e+03
3.003000000000000000e+03
3.002000000000000000e+03
3.001000000000000000e+03
3.000000000000000000e+03
2.999000000000000000e+03
2.998000000000000000e+03
2.997000000000000000e+03
2.996000000000000000e+03
2.995000000000000000e+03
2.994000000000000000e+03
2.993000000000000000e+03
2.992000000000000000e+03
2.991000000000000000e+03
2.990000000000000000e+03
2.989000000000000000e+03
2.988000000000000000e+03
2.987000000000000000e+03
2.986000000000000000e+03
2.985000000000000000e+03
2.984000000000000000e+03
2.983000000000000000e+03
2.982000000000000000e+03
2.981000000000000000e+03
2.980000000000000000e+03
2.979000000000000000e+03
2.978000000000000000e+03
2.977000000000000000e+03
2.976000000000000000e+03
2.975000000000000000e+03
2.974000000000000000e+03
2.973000000000000000e+03
