5.115000000000000000e+02
5.110000000000000000e+02
5.105000000000000000e+02
5.100000000000000000e+02
5.095000000000000000e+02
5.090000000000000000e+02
5.085000000000000000e+02
5.080000000000000000e+02
5.075000000000000000e+02
5.070000000000000000e+02
5.065000000000000000e+02
5.060000000000000000e+02
5.055000000000000000e+02
5.050000000000000000e+02
5.045000000000000000e+02
5.040000000000000000e+02
5.035000000000000000e+02
5.030000000000000000e+02
5.025000000000000000e+02
5.020000000000000000e+02
5.015000000000000000e+02
5.010000000000000000e+02
5.005000000000000000e+02
5.000000000000000000e+02
4.995000000000000000e+02
4.990000000000000000e+02
4.985000000000000000e+02
4.980000000000000000e+02
4.975000000000000000e+02
4.970000000000000000e+02
4.965000000000000000e+02
4.960000000000000000e+02
4.955000000000000000e+02
4.950000000000000000e+02
4.945000000000000000e+02
4.940000000000000000e+02
4.935000000000000000e+02
4.930000000000000000e+02
