6.474800000000000182e+03
6.474600000000000364e+03
6.474400000000000546e+03
6.474200000000000728e+03
6.474000000000000909e+03
6.473800000000001091e+03
6.473600000000001273e+03
6.473400000000001455e+03
6.473200000000001637e+03
6.473000000000001819e+03
6.472800000000002001e+03
6.472600000000002183e+03
6.472400000000002365e+03
6.472200000000002547e+03
6.472000000000002728e+03
6.471800000000002910e+03
6.471600000000003092e+03
6.471400000000003274e+03
6.471200000000003456e+03
6.471000000000003638e+03
6.470800000000003820e+03
6.470600000000004002e+03
6.470400000000004184e+03
6.470200000000004366e+03
6.470000000000004547e+03
6.469800000000004729e+03
6.469600000000004911e+03
6.469400000000005093e+03
6.469200000000005275e+03
6.469000000000005457e+03
6.468800000000005639e+03
6.468600000000005821e+03
6.468400000000006003e+03
6.468200000000006185e+03
6.468000000000006366e+03
6.467800000000006548e+03
6.467600000000006730e+03
6.467400000000006912e+03
6.467200000000007094e+03
6.467000000000007276e+03
6.466800000000007458e+03
6.466600000000007640e+03
6.466400000000007822e+03
6.466200000000008004e+03
6.466000000000008185e+03
6.465800000000008367e+03
6.465600000000008549e+03
6.465400000000008731e+03
6.465200000000008913e+03
6.465000000000009095e+03
6.464800000000009277e+03
6.464600000000009459e+03
6.464400000000009641e+03
6.464200000000009823e+03
6.464000000000010004e+03
6.463800000000010186e+03
6.463600000000010368e+03
6.463400000000010550e+03
6.463200000000010732e+03
6.463000000000010914e+03
6.462800000000011096e+03
6.462600000000011278e+03
6.462400000000011460e+03
6.462200000000011642e+03
6.462000000000011823e+03
6.461800000000012005e+03
6.461600000000012187e+03
6.461400000000012369e+03
6.461200000000012551e+03
6.461000000000012733e+03
6.460800000000012915e+03
6.460600000000013097e+03
6.460400000000013279e+03
6.460200000000013461e+03
6.460000000000013642e+03
6.459800000000013824e+03
6.459600000000014006e+03
6.459400000000014188e+03
6.459200000000014370e+03
6.459000000000014552e+03
6.458800000000014734e+03
6.458600000000014916e+03
6.458400000000015098e+03
6.458200000000015280e+03
6.458000000000015461e+03
6.457800000000015643e+03
6.457600000000015825e+03
6.457400000000016007e+03
6.457200000000016189e+03
6.457000000000016371e+03
6.456800000000016553e+03
6.456600000000016735e+03
6.456400000000016917e+03
6.456200000000017099e+03
6.456000000000017280e+03
6.455800000000017462e+03
6.455600000000017644e+03
6.455400000000017826e+03
6.455200000000018008e+03
6.455000000000018190e+03
6.454800000000018372e+03
6.454600000000018554e+03
6.454400000000018736e+03
6.454200000000018917e+03
6.454000000000019099e+03
6.453800000000019281e+03
6.453600000000019463e+03
6.453400000000019645e+03
6.453200000000019827e+03
6.453000000000020009e+03
6.452800000000020191e+03
6.452600000000020373e+03
6.452400000000020555e+03
6.452200000000020736e+03
6.452000000000020918e+03
6.451800000000021100e+03
6.451600000000021282e+03
6.451400000000021464e+03
6.451200000000021646e+03
6.451000000000021828e+03
6.450800000000022010e+03
6.450600000000022192e+03
6.450400000000022374e+03
6.450200000000022555e+03
6.450000000000022737e+03
6.449800000000022919e+03
6.449600000000023101e+03
6.449400000000023283e+03
6.449200000000023465e+03
6.449000000000023647e+03
6.448800000000023829e+03
6.448600000000024011e+03
6.448400000000024193e+03
6.448200000000024374e+03
6.448000000000024556e+03
6.447800000000024738e+03
6.447600000000024920e+03
6.447400000000025102e+03
6.447200000000025284e+03
6.447000000000025466e+03
6.446800000000025648e+03
6.446600000000025830e+03
6.446400000000026012e+03
6.446200000000026193e+03
6.446000000000026375e+03
6.445800000000026557e+03
6.445600000000026739e+03
6.445400000000026921e+03
6.445200000000027103e+03
6.445000000000027285e+03
6.444800000000027467e+03
6.444600000000027649e+03
6.444400000000027831e+03
6.444200000000028012e+03
6.444000000000028194e+03
6.443800000000028376e+03
6.443600000000028558e+03
6.443400000000028740e+03
6.443200000000028922e+03
6.443000000000029104e+03
