-2.342000000000000000e+03
-2.342199999999999818e+03
-2.342399999999999636e+03
-2.342599999999999454e+03
-2.342799999999999272e+03
-2.342999999999999091e+03
-2.343199999999998909e+03
-2.343399999999998727e+03
-2.343599999999998545e+03
-2.343799999999998363e+03
-2.343999999999998181e+03
-2.344199999999997999e+03
-2.344399999999997817e+03
-2.344599999999997635e+03
-2.344799999999997453e+03
-2.344999999999997272e+03
-2.345199999999997090e+03
-2.345399999999996908e+03
-2.345599999999996726e+03
-2.345799999999996544e+03
-2.345999999999996362e+03
-2.346199999999996180e+03
-2.346399999999995998e+03
-2.346599999999995816e+03
-2.346799999999995634e+03
-2.346999999999995453e+03
-2.347199999999995271e+03
-2.347399999999995089e+03
-2.347599999999994907e+03
-2.347799999999994725e+03
-2.347999999999994543e+03
-2.348199999999994361e+03
-2.348399999999994179e+03
-2.348599999999993997e+03
-2.348799999999993815e+03
-2.348999999999993634e+03
-2.349199999999993452e+03
-2.349399999999993270e+03
-2.349599999999993088e+03
-2.349799999999992906e+03
-2.349999999999992724e+03
-2.350199999999992542e+03
-2.350399999999992360e+03
-2.350599999999992178e+03
-2.350799999999991996e+03
-2.350999999999991815e+03
-2.351199999999991633e+03
-2.351399999999991451e+03
-2.351599999999991269e+03
-2.351799999999991087e+03
-2.351999999999990905e+03
-2.352199999999990723e+03
-2.352399999999990541e+03
-2.352599999999990359e+03
-2.352799999999990177e+03
-2.352999999999989996e+03
-2.353199999999989814e+03
-2.353399999999989632e+03
