-1.632500000000000000e+03
-1.633000000000000000e+03
-1.633500000000000000e+03
-1.634000000000000000e+03
-1.634500000000000000e+03
-1.635000000000000000e+03
-1.635500000000000000e+03
-1.636000000000000000e+03
-1.636500000000000000e+03
-1.637000000000000000e+03
-1.637500000000000000e+03
-1.638000000000000000e+03
-1.638500000000000000e+03
-1.639000000000000000e+03
-1.639500000000000000e+03
-1.640000000000000000e+03
-1.640500000000000000e+03
-1.641000000000000000e+03
-1.641500000000000000e+03
-1.642000000000000000e+03
-1.642500000000000000e+03
-1.643000000000000000e+03
-1.643500000000000000e+03
-1.644000000000000000e+03
-1.644500000000000000e+03
-1.645000000000000000e+03
-1.645500000000000000e+03
-1.646000000000000000e+03
-1.646500000000000000e+03
-1.647000000000000000e+03
-1.647500000000000000e+03
-1.648000000000000000e+03
-1.648500000000000000e+03
-1.649000000000000000e+03
-1.649500000000000000e+03
-1.650000000000000000e+03
-1.650500000000000000e+03
-1.651000000000000000e+03
-1.651500000000000000e+03
-1.652000000000000000e+03
-1.652500000000000000e+03
-1.653000000000000000e+03
-1.653500000000000000e+03
-1.654000000000000000e+03
