-3.885000000000000000e+03
-3.886000000000000000e+03
-3.887000000000000000e+03
-3.888000000000000000e+03
-3.889000000000000000e+03
-3.890000000000000000e+03
-3.891000000000000000e+03
-3.892000000000000000e+03
-3.893000000000000000e+03
-3.894000000000000000e+03
-3.895000000000000000e+03
-3.896000000000000000e+03
-3.897000000000000000e+03
-3.898000000000000000e+03
-3.899000000000000000e+03
-3.900000000000000000e+03
-3.901000000000000000e+03
-3.902000000000000000e+03
-3.903000000000000000e+03
-3.904000000000000000e+03
-3.905000000000000000e+03
-3.906000000000000000e+03
-3.907000000000000000e+03
-3.908000000000000000e+03
-3.909000000000000000e+03
-3.910000000000000000e+03
-3.911000000000000000e+03
-3.912000000000000000e+03
-3.913000000000000000e+03
-3.914000000000000000e+03
-3.915000000000000000e+03
-3.916000000000000000e+03
-3.917000000000000000e+03
-3.918000000000000000e+03
-3.919000000000000000e+03
-3.920000000000000000e+03
-3.921000000000000000e+03
-3.922000000000000000e+03
-3.923000000000000000e+03
-3.924000000000000000e+03
-3.925000000000000000e+03
-3.926000000000000000e+03
-3.927000000000000000e+03
-3.928000000000000000e+03
-3.929000000000000000e+03
-3.930000000000000000e+03
-3.931000000000000000e+03
-3.932000000000000000e+03
