2.420000000000000000e+03
2.419000000000000000e+03
2.418000000000000000e+03
2.417000000000000000e+03
2.416000000000000000e+03
2.415000000000000000e+03
2.414000000000000000e+03
2.413000000000000000e+03
2.412000000000000000e+03
2.411000000000000000e+03
2.410000000000000000e+03
2.409000000000000000e+03
2.408000000000000000e+03
2.407000000000000000e+03
2.406000000000000000e+03
2.405000000000000000e+03
2.404000000000000000e+03
2.403000000000000000e+03
2.402000000000000000e+03
2.401000000000000000e+03
2.400000000000000000e+03
2.399000000000000000e+03
2.398000000000000000e+03
2.397000000000000000e+03
2.396000000000000000e+03
2.395000000000000000e+03
2.394000000000000000e+03
2.393000000000000000e+03
