8.096000000000000000e+04
8.095000000000000000e+04
8.094000000000000000e+04
8.093000000000000000e+04
8.092000000000000000e+04
8.091000000000000000e+04
8.090000000000000000e+04
8.089000000000000000e+04
8.088000000000000000e+04
8.087000000000000000e+04
8.086000000000000000e+04
8.085000000000000000e+04
8.084000000000000000e+04
8.083000000000000000e+04
8.082000000000000000e+04
8.081000000000000000e+04
8.080000000000000000e+04
8.079000000000000000e+04
8.078000000000000000e+04
8.077000000000000000e+04
8.076000000000000000e+04
8.075000000000000000e+04
8.074000000000000000e+04
8.073000000000000000e+04
8.072000000000000000e+04
8.071000000000000000e+04
8.070000000000000000e+04
