1.505000000000000000e+04
1.504500000000000000e+04
1.504000000000000000e+04
1.503500000000000000e+04
1.503000000000000000e+04
1.502500000000000000e+04
1.502000000000000000e+04
1.501500000000000000e+04
1.501000000000000000e+04
1.500500000000000000e+04
1.500000000000000000e+04
1.499500000000000000e+04
1.499000000000000000e+04
1.498500000000000000e+04
1.498000000000000000e+04
1.497500000000000000e+04
1.497000000000000000e+04
1.496500000000000000e+04
1.496000000000000000e+04
1.495500000000000000e+04
1.495000000000000000e+04
1.494500000000000000e+04
1.494000000000000000e+04
1.493500000000000000e+04
1.493000000000000000e+04
1.492500000000000000e+04
1.492000000000000000e+04
1.491500000000000000e+04
1.491000000000000000e+04
1.490500000000000000e+04
