5.176000000000000000e+03
5.174000000000000000e+03
5.172000000000000000e+03
5.170000000000000000e+03
5.168000000000000000e+03
5.166000000000000000e+03
5.164000000000000000e+03
5.162000000000000000e+03
5.160000000000000000e+03
5.158000000000000000e+03
5.156000000000000000e+03
5.154000000000000000e+03
5.152000000000000000e+03
5.150000000000000000e+03
5.148000000000000000e+03
5.146000000000000000e+03
5.144000000000000000e+03
5.142000000000000000e+03
5.140000000000000000e+03
5.138000000000000000e+03
5.136000000000000000e+03
5.134000000000000000e+03
5.132000000000000000e+03
5.130000000000000000e+03
5.128000000000000000e+03
5.126000000000000000e+03
5.124000000000000000e+03
5.122000000000000000e+03
5.120000000000000000e+03
5.118000000000000000e+03
5.116000000000000000e+03
5.114000000000000000e+03
5.112000000000000000e+03
5.110000000000000000e+03
5.108000000000000000e+03
5.106000000000000000e+03
5.104000000000000000e+03
5.102000000000000000e+03
5.100000000000000000e+03
5.098000000000000000e+03
5.096000000000000000e+03
