5.848000000000000000e+03
5.846000000000000000e+03
5.844000000000000000e+03
5.842000000000000000e+03
5.840000000000000000e+03
5.838000000000000000e+03
5.836000000000000000e+03
5.834000000000000000e+03
5.832000000000000000e+03
5.830000000000000000e+03
5.828000000000000000e+03
5.826000000000000000e+03
5.824000000000000000e+03
5.822000000000000000e+03
5.820000000000000000e+03
5.818000000000000000e+03
5.816000000000000000e+03
5.814000000000000000e+03
5.812000000000000000e+03
5.810000000000000000e+03
5.808000000000000000e+03
5.806000000000000000e+03
5.804000000000000000e+03
5.802000000000000000e+03
5.800000000000000000e+03
5.798000000000000000e+03
5.796000000000000000e+03
5.794000000000000000e+03
5.792000000000000000e+03
5.790000000000000000e+03
5.788000000000000000e+03
5.786000000000000000e+03
5.784000000000000000e+03
5.782000000000000000e+03
5.780000000000000000e+03
5.778000000000000000e+03
5.776000000000000000e+03
5.774000000000000000e+03
5.772000000000000000e+03
5.770000000000000000e+03
5.768000000000000000e+03
5.766000000000000000e+03
5.764000000000000000e+03
5.762000000000000000e+03
5.760000000000000000e+03
5.758000000000000000e+03
5.756000000000000000e+03
5.754000000000000000e+03
5.752000000000000000e+03
5.750000000000000000e+03
5.748000000000000000e+03
5.746000000000000000e+03
5.744000000000000000e+03
5.742000000000000000e+03
5.740000000000000000e+03
