-6.746000000000000000e+03
-6.747000000000000000e+03
-6.748000000000000000e+03
-6.749000000000000000e+03
-6.750000000000000000e+03
-6.751000000000000000e+03
-6.752000000000000000e+03
-6.753000000000000000e+03
-6.754000000000000000e+03
-6.755000000000000000e+03
-6.756000000000000000e+03
-6.757000000000000000e+03
-6.758000000000000000e+03
-6.759000000000000000e+03
-6.760000000000000000e+03
-6.761000000000000000e+03
-6.762000000000000000e+03
-6.763000000000000000e+03
-6.764000000000000000e+03
-6.765000000000000000e+03
-6.766000000000000000e+03
-6.767000000000000000e+03
-6.768000000000000000e+03
-6.769000000000000000e+03
-6.770000000000000000e+03
-6.771000000000000000e+03
-6.772000000000000000e+03
-6.773000000000000000e+03
-6.774000000000000000e+03
-6.775000000000000000e+03
-6.776000000000000000e+03
-6.777000000000000000e+03
-6.778000000000000000e+03
-6.779000000000000000e+03
-6.780000000000000000e+03
-6.781000000000000000e+03
-6.782000000000000000e+03
-6.783000000000000000e+03
-6.784000000000000000e+03
-6.785000000000000000e+03
-6.786000000000000000e+03
