9.638000000000000966e+01
9.637500000000001421e+01
9.637000000000001876e+01
9.636500000000002331e+01
9.636000000000002785e+01
9.635500000000003240e+01
9.635000000000003695e+01
9.634500000000004150e+01
9.634000000000004604e+01
9.633500000000005059e+01
9.633000000000005514e+01
9.632500000000005969e+01
9.632000000000006423e+01
9.631500000000006878e+01
9.631000000000007333e+01
9.630500000000007788e+01
9.630000000000008242e+01
9.629500000000008697e+01
9.629000000000009152e+01
9.628500000000009607e+01
9.628000000000010061e+01
9.627500000000010516e+01
9.627000000000010971e+01
9.626500000000011426e+01
9.626000000000011880e+01
9.625500000000012335e+01
9.625000000000012790e+01
9.624500000000013245e+01
9.624000000000013699e+01
9.623500000000014154e+01
9.623000000000014609e+01
9.622500000000015064e+01
9.622000000000015518e+01
9.621500000000015973e+01
9.621000000000016428e+01
9.620500000000016882e+01
9.620000000000017337e+01
9.619500000000017792e+01
9.619000000000018247e+01
9.618500000000018701e+01
9.618000000000019156e+01
9.617500000000019611e+01
9.617000000000020066e+01
9.616500000000020520e+01
9.616000000000020975e+01
9.615500000000021430e+01
9.615000000000021885e+01
9.614500000000022339e+01
9.614000000000022794e+01
9.613500000000023249e+01
9.613000000000023704e+01
9.612500000000024158e+01
9.612000000000024613e+01
9.611500000000025068e+01
9.611000000000025523e+01
9.610500000000025977e+01
9.610000000000026432e+01
9.609500000000026887e+01
9.609000000000027342e+01
9.608500000000027796e+01
9.608000000000028251e+01
9.607500000000028706e+01
9.607000000000029161e+01
9.606500000000029615e+01
9.606000000000030070e+01
