9.872500000000000853e+01
9.872000000000001307e+01
9.871500000000001762e+01
9.871000000000002217e+01
9.870500000000002672e+01
9.870000000000003126e+01
9.869500000000003581e+01
9.869000000000004036e+01
9.868500000000004491e+01
9.868000000000004945e+01
9.867500000000005400e+01
9.867000000000005855e+01
9.866500000000006310e+01
9.866000000000006764e+01
9.865500000000007219e+01
9.865000000000007674e+01
9.864500000000008129e+01
9.864000000000008583e+01
9.863500000000009038e+01
9.863000000000009493e+01
9.862500000000009948e+01
9.862000000000010402e+01
9.861500000000010857e+01
9.861000000000011312e+01
9.860500000000011767e+01
9.860000000000012221e+01
9.859500000000012676e+01
9.859000000000013131e+01
9.858500000000013586e+01
9.858000000000014040e+01
9.857500000000014495e+01
9.857000000000014950e+01
9.856500000000015405e+01
9.856000000000015859e+01
9.855500000000016314e+01
