6.287999999999999545e+02
6.285999999999999091e+02
6.283999999999998636e+02
6.281999999999998181e+02
6.279999999999997726e+02
6.277999999999997272e+02
6.275999999999996817e+02
6.273999999999996362e+02
6.271999999999995907e+02
6.269999999999995453e+02
6.267999999999994998e+02
6.265999999999994543e+02
6.263999999999994088e+02
6.261999999999993634e+02
6.259999999999993179e+02
6.257999999999992724e+02
6.255999999999992269e+02
6.253999999999991815e+02
6.251999999999991360e+02
6.249999999999990905e+02
6.247999999999990450e+02
6.245999999999989996e+02
6.243999999999989541e+02
6.241999999999989086e+02
6.239999999999988631e+02
6.237999999999988177e+02
6.235999999999987722e+02
6.233999999999987267e+02
6.231999999999986812e+02
6.229999999999986358e+02
