1.444500000000000000e+04
1.444000000000000000e+04
1.443500000000000000e+04
1.443000000000000000e+04
1.442500000000000000e+04
1.442000000000000000e+04
1.441500000000000000e+04
1.441000000000000000e+04
1.440500000000000000e+04
1.440000000000000000e+04
1.439500000000000000e+04
1.439000000000000000e+04
1.438500000000000000e+04
1.438000000000000000e+04
1.437500000000000000e+04
1.437000000000000000e+04
1.436500000000000000e+04
1.436000000000000000e+04
1.435500000000000000e+04
1.435000000000000000e+04
1.434500000000000000e+04
1.434000000000000000e+04
1.433500000000000000e+04
1.433000000000000000e+04
1.432500000000000000e+04
1.432000000000000000e+04
1.431500000000000000e+04
1.431000000000000000e+04
1.430500000000000000e+04
1.430000000000000000e+04
1.429500000000000000e+04
1.429000000000000000e+04
1.428500000000000000e+04
1.428000000000000000e+04
1.427500000000000000e+04
1.427000000000000000e+04
1.426500000000000000e+04
1.426000000000000000e+04
1.425500000000000000e+04
