-1.394000000000000000e+04
-1.394000000000000000e+04
-1.393500000000000000e+04
-1.394000000000000000e+04
-1.394500000000000000e+04
-1.395000000000000000e+04
-1.395500000000000000e+04
-1.396000000000000000e+04
-1.396500000000000000e+04
-1.396500000000000000e+04
-1.397000000000000000e+04
-1.397500000000000000e+04
-1.398000000000000000e+04
-1.399000000000000000e+04
-1.400000000000000000e+04
-1.400500000000000000e+04
-1.401000000000000000e+04
-1.401500000000000000e+04
-1.401500000000000000e+04
-1.402000000000000000e+04
-1.402500000000000000e+04
-1.403000000000000000e+04
-1.403500000000000000e+04
-1.403000000000000000e+04
-1.403500000000000000e+04
-1.403000000000000000e+04
-1.401000000000000000e+04
-1.401500000000000000e+04
-1.402000000000000000e+04
-1.402500000000000000e+04
-1.403000000000000000e+04
-1.403500000000000000e+04
-1.404000000000000000e+04
-1.405000000000000000e+04
-1.405500000000000000e+04
-1.406000000000000000e+04
-1.406500000000000000e+04
-1.407000000000000000e+04
-1.407500000000000000e+04
-1.407500000000000000e+04
-1.408000000000000000e+04
-1.408500000000000000e+04
-1.408500000000000000e+04
-1.409000000000000000e+04
-1.409500000000000000e+04
-1.410000000000000000e+04
-1.410000000000000000e+04
-1.410500000000000000e+04
-1.411000000000000000e+04
-1.411500000000000000e+04
-1.412000000000000000e+04
-1.412000000000000000e+04
-1.412500000000000000e+04
-1.413000000000000000e+04
-1.413500000000000000e+04
-1.414000000000000000e+04
-1.415000000000000000e+04
-1.416000000000000000e+04
