-5.992000000000000000e+03
-5.994000000000000000e+03
-5.996000000000000000e+03
-5.998000000000000000e+03
-6.000000000000000000e+03
-6.002000000000000000e+03
-6.004000000000000000e+03
-6.006000000000000000e+03
-6.008000000000000000e+03
-6.010000000000000000e+03
-6.012000000000000000e+03
-6.014000000000000000e+03
-6.016000000000000000e+03
-6.018000000000000000e+03
-6.020000000000000000e+03
-6.022000000000000000e+03
-6.024000000000000000e+03
-6.026000000000000000e+03
-6.028000000000000000e+03
-6.030000000000000000e+03
