3.773000000000000000e+03
3.772000000000000000e+03
3.771000000000000000e+03
3.770000000000000000e+03
3.769000000000000000e+03
3.768000000000000000e+03
3.767000000000000000e+03
3.766000000000000000e+03
3.765000000000000000e+03
3.764000000000000000e+03
3.763000000000000000e+03
3.762000000000000000e+03
3.761000000000000000e+03
3.760000000000000000e+03
3.759000000000000000e+03
3.758000000000000000e+03
3.757000000000000000e+03
3.756000000000000000e+03
3.755000000000000000e+03
3.754000000000000000e+03
3.753000000000000000e+03
3.752000000000000000e+03
3.751000000000000000e+03
3.750000000000000000e+03
3.749000000000000000e+03
3.748000000000000000e+03
3.747000000000000000e+03
3.746000000000000000e+03
3.745000000000000000e+03
3.744000000000000000e+03
3.743000000000000000e+03
3.742000000000000000e+03
3.741000000000000000e+03
3.740000000000000000e+03
3.739000000000000000e+03
3.738000000000000000e+03
3.737000000000000000e+03
3.736000000000000000e+03
3.735000000000000000e+03
3.734000000000000000e+03
3.733000000000000000e+03
3.732000000000000000e+03
3.731000000000000000e+03
3.730000000000000000e+03
3.729000000000000000e+03
3.728000000000000000e+03
3.727000000000000000e+03
3.726000000000000000e+03
3.725000000000000000e+03
3.724000000000000000e+03
3.723000000000000000e+03
3.722000000000000000e+03
3.721000000000000000e+03
3.720000000000000000e+03
3.719000000000000000e+03
3.718000000000000000e+03
3.717000000000000000e+03
3.716000000000000000e+03
3.715000000000000000e+03
3.714000000000000000e+03
