4.259000000000000000e+03
4.258000000000000000e+03
4.257000000000000000e+03
4.256000000000000000e+03
4.255000000000000000e+03
4.254000000000000000e+03
4.253000000000000000e+03
4.252000000000000000e+03
4.251000000000000000e+03
4.250000000000000000e+03
4.249000000000000000e+03
4.248000000000000000e+03
4.247000000000000000e+03
4.246000000000000000e+03
4.245000000000000000e+03
4.244000000000000000e+03
4.243000000000000000e+03
4.242000000000000000e+03
4.241000000000000000e+03
4.240000000000000000e+03
4.239000000000000000e+03
4.238000000000000000e+03
4.237000000000000000e+03
