2.516000000000000000e+03
2.514000000000000000e+03
2.512000000000000000e+03
2.510000000000000000e+03
2.508000000000000000e+03
2.506000000000000000e+03
2.504000000000000000e+03
2.502000000000000000e+03
2.500000000000000000e+03
2.498000000000000000e+03
2.496000000000000000e+03
2.494000000000000000e+03
2.492000000000000000e+03
2.490000000000000000e+03
2.488000000000000000e+03
2.486000000000000000e+03
2.484000000000000000e+03
2.482000000000000000e+03
2.480000000000000000e+03
2.478000000000000000e+03
2.476000000000000000e+03
2.474000000000000000e+03
2.472000000000000000e+03
