4.665000000000000000e+04
4.664000000000000000e+04
4.663000000000000000e+04
4.662000000000000000e+04
4.661000000000000000e+04
4.660000000000000000e+04
4.659000000000000000e+04
4.658000000000000000e+04
4.657000000000000000e+04
4.656000000000000000e+04
4.655000000000000000e+04
4.654000000000000000e+04
4.653000000000000000e+04
4.652000000000000000e+04
4.651000000000000000e+04
4.650000000000000000e+04
4.649000000000000000e+04
4.648000000000000000e+04
4.647000000000000000e+04
4.646000000000000000e+04
4.645000000000000000e+04
4.644000000000000000e+04
4.643000000000000000e+04
4.642000000000000000e+04
4.641000000000000000e+04
4.640000000000000000e+04
4.639000000000000000e+04
4.638000000000000000e+04
4.637000000000000000e+04
4.636000000000000000e+04
4.635000000000000000e+04
4.634000000000000000e+04
4.633000000000000000e+04
4.632000000000000000e+04
4.631000000000000000e+04
4.630000000000000000e+04
4.629000000000000000e+04
4.628000000000000000e+04
4.627000000000000000e+04
4.626000000000000000e+04
4.625000000000000000e+04
4.624000000000000000e+04
4.623000000000000000e+04
4.622000000000000000e+04
4.621000000000000000e+04
4.620000000000000000e+04
4.619000000000000000e+04
4.618000000000000000e+04
4.617000000000000000e+04
4.616000000000000000e+04
4.615000000000000000e+04
4.614000000000000000e+04
4.613000000000000000e+04
4.612000000000000000e+04
4.611000000000000000e+04
4.610000000000000000e+04
4.609000000000000000e+04
4.608000000000000000e+04
4.607000000000000000e+04
4.606000000000000000e+04
4.605000000000000000e+04
4.604000000000000000e+04
4.603000000000000000e+04
4.602000000000000000e+04
4.601000000000000000e+04
4.600000000000000000e+04
4.599000000000000000e+04
4.598000000000000000e+04
4.597000000000000000e+04
4.596000000000000000e+04
4.595000000000000000e+04
4.594000000000000000e+04
4.593000000000000000e+04
4.592000000000000000e+04
4.591000000000000000e+04
4.590000000000000000e+04
4.589000000000000000e+04
4.588000000000000000e+04
4.587000000000000000e+04
4.586000000000000000e+04
4.585000000000000000e+04
