2.980000000000000000e+03
2.979000000000000000e+03
2.978000000000000000e+03
2.977000000000000000e+03
2.976000000000000000e+03
2.975000000000000000e+03
2.974000000000000000e+03
2.973000000000000000e+03
2.972000000000000000e+03
2.971000000000000000e+03
2.970000000000000000e+03
2.969000000000000000e+03
2.968000000000000000e+03
2.967000000000000000e+03
2.966000000000000000e+03
2.965000000000000000e+03
2.964000000000000000e+03
2.963000000000000000e+03
2.962000000000000000e+03
2.961000000000000000e+03
2.960000000000000000e+03
2.959000000000000000e+03
2.958000000000000000e+03
2.957000000000000000e+03
2.956000000000000000e+03
2.955000000000000000e+03
2.954000000000000000e+03
2.953000000000000000e+03
2.952000000000000000e+03
2.951000000000000000e+03
2.950000000000000000e+03
2.949000000000000000e+03
2.948000000000000000e+03
2.947000000000000000e+03
2.946000000000000000e+03
2.945000000000000000e+03
2.944000000000000000e+03
2.943000000000000000e+03
2.942000000000000000e+03
2.941000000000000000e+03
2.940000000000000000e+03
2.939000000000000000e+03
2.938000000000000000e+03
2.937000000000000000e+03
2.936000000000000000e+03
2.935000000000000000e+03
2.934000000000000000e+03
2.933000000000000000e+03
2.932000000000000000e+03
2.931000000000000000e+03
2.930000000000000000e+03
2.929000000000000000e+03
2.928000000000000000e+03
2.927000000000000000e+03
2.926000000000000000e+03
2.925000000000000000e+03
2.924000000000000000e+03
2.923000000000000000e+03
2.922000000000000000e+03
2.921000000000000000e+03
2.920000000000000000e+03
2.919000000000000000e+03
2.918000000000000000e+03
2.917000000000000000e+03
2.916000000000000000e+03
2.915000000000000000e+03
2.914000000000000000e+03
2.913000000000000000e+03
2.912000000000000000e+03
2.911000000000000000e+03
2.910000000000000000e+03
2.909000000000000000e+03
2.908000000000000000e+03
2.907000000000000000e+03
2.906000000000000000e+03
2.905000000000000000e+03
2.904000000000000000e+03
2.903000000000000000e+03
2.902000000000000000e+03
2.901000000000000000e+03
2.900000000000000000e+03
2.899000000000000000e+03
2.898000000000000000e+03
2.897000000000000000e+03
2.896000000000000000e+03
2.895000000000000000e+03
2.894000000000000000e+03
2.893000000000000000e+03
2.892000000000000000e+03
2.891000000000000000e+03
2.890000000000000000e+03
2.889000000000000000e+03
2.888000000000000000e+03
2.887000000000000000e+03
2.886000000000000000e+03
2.885000000000000000e+03
2.884000000000000000e+03
2.883000000000000000e+03
2.882000000000000000e+03
2.881000000000000000e+03
