4.945000000000000000e+02
4.940000000000000000e+02
4.935000000000000000e+02
4.930000000000000000e+02
4.925000000000000000e+02
4.920000000000000000e+02
4.915000000000000000e+02
4.910000000000000000e+02
4.905000000000000000e+02
4.900000000000000000e+02
4.895000000000000000e+02
4.890000000000000000e+02
4.885000000000000000e+02
4.880000000000000000e+02
4.875000000000000000e+02
4.870000000000000000e+02
4.865000000000000000e+02
4.860000000000000000e+02
4.855000000000000000e+02
4.850000000000000000e+02
4.845000000000000000e+02
4.840000000000000000e+02
4.835000000000000000e+02
4.830000000000000000e+02
4.825000000000000000e+02
4.820000000000000000e+02
4.815000000000000000e+02
4.810000000000000000e+02
4.805000000000000000e+02
4.800000000000000000e+02
4.795000000000000000e+02
4.790000000000000000e+02
4.785000000000000000e+02
4.780000000000000000e+02
4.775000000000000000e+02
4.770000000000000000e+02
4.765000000000000000e+02
4.760000000000000000e+02
4.755000000000000000e+02
4.750000000000000000e+02
4.745000000000000000e+02
4.740000000000000000e+02
4.735000000000000000e+02
4.730000000000000000e+02
4.725000000000000000e+02
4.720000000000000000e+02
4.715000000000000000e+02
4.710000000000000000e+02
4.705000000000000000e+02
4.700000000000000000e+02
4.695000000000000000e+02
4.690000000000000000e+02
4.685000000000000000e+02
4.680000000000000000e+02
