6.449800000000000182e+03
6.449600000000000364e+03
6.449400000000000546e+03
6.449200000000000728e+03
6.449000000000000909e+03
6.448800000000001091e+03
6.448600000000001273e+03
6.448400000000001455e+03
6.448200000000001637e+03
6.448000000000001819e+03
6.447800000000002001e+03
6.447600000000002183e+03
6.447400000000002365e+03
6.447200000000002547e+03
6.447000000000002728e+03
6.446800000000002910e+03
6.446600000000003092e+03
6.446400000000003274e+03
6.446200000000003456e+03
6.446000000000003638e+03
6.445800000000003820e+03
6.445600000000004002e+03
6.445400000000004184e+03
6.445200000000004366e+03
6.445000000000004547e+03
6.444800000000004729e+03
6.444600000000004911e+03
6.444400000000005093e+03
6.444200000000005275e+03
6.444000000000005457e+03
6.443800000000005639e+03
6.443600000000005821e+03
6.443400000000006003e+03
6.443200000000006185e+03
6.443000000000006366e+03
6.442800000000006548e+03
6.442600000000006730e+03
6.442400000000006912e+03
6.442200000000007094e+03
6.442000000000007276e+03
6.441800000000007458e+03
6.441600000000007640e+03
6.441400000000007822e+03
6.441200000000008004e+03
6.441000000000008185e+03
6.440800000000008367e+03
6.440600000000008549e+03
6.440400000000008731e+03
6.440200000000008913e+03
6.440000000000009095e+03
6.439800000000009277e+03
6.439600000000009459e+03
6.439400000000009641e+03
6.439200000000009823e+03
6.439000000000010004e+03
6.438800000000010186e+03
6.438600000000010368e+03
6.438400000000010550e+03
6.438200000000010732e+03
6.438000000000010914e+03
6.437800000000011096e+03
6.437600000000011278e+03
6.437400000000011460e+03
6.437200000000011642e+03
6.437000000000011823e+03
6.436800000000012005e+03
6.436600000000012187e+03
6.436400000000012369e+03
6.436200000000012551e+03
6.436000000000012733e+03
6.435800000000012915e+03
6.435600000000013097e+03
6.435400000000013279e+03
6.435200000000013461e+03
6.435000000000013642e+03
6.434800000000013824e+03
6.434600000000014006e+03
6.434400000000014188e+03
6.434200000000014370e+03
6.434000000000014552e+03
6.433800000000014734e+03
6.433600000000014916e+03
6.433400000000015098e+03
6.433200000000015280e+03
6.433000000000015461e+03
6.432800000000015643e+03
6.432600000000015825e+03
6.432400000000016007e+03
6.432200000000016189e+03
6.432000000000016371e+03
6.431800000000016553e+03
6.431600000000016735e+03
6.431400000000016917e+03
6.431200000000017099e+03
6.431000000000017280e+03
6.430800000000017462e+03
6.430600000000017644e+03
6.430400000000017826e+03
6.430200000000018008e+03
6.430000000000018190e+03
6.429800000000018372e+03
6.429600000000018554e+03
6.429400000000018736e+03
6.429200000000018917e+03
6.429000000000019099e+03
6.428800000000019281e+03
6.428600000000019463e+03
6.428400000000019645e+03
6.428200000000019827e+03
6.428000000000020009e+03
6.427800000000020191e+03
6.427600000000020373e+03
6.427400000000020555e+03
6.427200000000020736e+03
6.427000000000020918e+03
6.426800000000021100e+03
6.426600000000021282e+03
6.426400000000021464e+03
6.426200000000021646e+03
6.426000000000021828e+03
6.425800000000022010e+03
6.425600000000022192e+03
6.425400000000022374e+03
6.425200000000022555e+03
6.425000000000022737e+03
6.424800000000022919e+03
6.424600000000023101e+03
6.424400000000023283e+03
6.424200000000023465e+03
6.424000000000023647e+03
6.423800000000023829e+03
6.423600000000024011e+03
6.423400000000024193e+03
6.423200000000024374e+03
6.423000000000024556e+03
6.422800000000024738e+03
6.422600000000024920e+03
6.422400000000025102e+03
6.422200000000025284e+03
6.422000000000025466e+03
