3.470400000000000091e+03
3.470200000000000273e+03
3.470000000000000455e+03
3.469800000000000637e+03
3.469600000000000819e+03
3.469400000000001000e+03
3.469200000000001182e+03
3.469000000000001364e+03
3.468800000000001546e+03
3.468600000000001728e+03
3.468400000000001910e+03
3.468200000000002092e+03
3.468000000000002274e+03
3.467800000000002456e+03
3.467600000000002638e+03
3.467400000000002819e+03
3.467200000000003001e+03
3.467000000000003183e+03
3.466800000000003365e+03
3.466600000000003547e+03
3.466400000000003729e+03
3.466200000000003911e+03
3.466000000000004093e+03
3.465800000000004275e+03
3.465600000000004457e+03
3.465400000000004638e+03
3.465200000000004820e+03
3.465000000000005002e+03
3.464800000000005184e+03
3.464600000000005366e+03
3.464400000000005548e+03
3.464200000000005730e+03
3.464000000000005912e+03
3.463800000000006094e+03
3.463600000000006276e+03
3.463400000000006457e+03
3.463200000000006639e+03
3.463000000000006821e+03
3.462800000000007003e+03
3.462600000000007185e+03
3.462400000000007367e+03
3.462200000000007549e+03
3.462000000000007731e+03
3.461800000000007913e+03
