2.350400000000000091e+03
2.350200000000000273e+03
2.350000000000000455e+03
2.349800000000000637e+03
2.349600000000000819e+03
2.349400000000001000e+03
2.349200000000001182e+03
2.349000000000001364e+03
2.348800000000001546e+03
2.348600000000001728e+03
2.348400000000001910e+03
2.348200000000002092e+03
2.348000000000002274e+03
2.347800000000002456e+03
2.347600000000002638e+03
2.347400000000002819e+03
2.347200000000003001e+03
2.347000000000003183e+03
2.346800000000003365e+03
2.346600000000003547e+03
2.346400000000003729e+03
2.346200000000003911e+03
2.346000000000004093e+03
2.345800000000004275e+03
2.345600000000004457e+03
2.345400000000004638e+03
2.345200000000004820e+03
2.345000000000005002e+03
2.344800000000005184e+03
2.344600000000005366e+03
2.344400000000005548e+03
2.344200000000005730e+03
2.344000000000005912e+03
2.343800000000006094e+03
2.343600000000006276e+03
2.343400000000006457e+03
2.343200000000006639e+03
2.343000000000006821e+03
2.342800000000007003e+03
2.342600000000007185e+03
2.342400000000007367e+03
2.342200000000007549e+03
2.342000000000007731e+03
2.341800000000007913e+03
2.341600000000008095e+03
2.341400000000008276e+03
2.341200000000008458e+03
2.341000000000008640e+03
2.340800000000008822e+03
2.340600000000009004e+03
2.340400000000009186e+03
2.340200000000009368e+03
2.340000000000009550e+03
2.339800000000009732e+03
2.339600000000009913e+03
2.339400000000010095e+03
2.339200000000010277e+03
2.339000000000010459e+03
2.338800000000010641e+03
2.338600000000010823e+03
2.338400000000011005e+03
2.338200000000011187e+03
2.338000000000011369e+03
