1.659000000000000000e+03
1.658500000000000000e+03
1.658000000000000000e+03
1.657500000000000000e+03
1.657000000000000000e+03
1.656500000000000000e+03
1.656000000000000000e+03
1.655500000000000000e+03
1.655000000000000000e+03
1.654500000000000000e+03
1.654000000000000000e+03
1.653500000000000000e+03
1.653000000000000000e+03
1.652500000000000000e+03
1.652000000000000000e+03
1.651500000000000000e+03
1.651000000000000000e+03
1.650500000000000000e+03
1.650000000000000000e+03
1.649500000000000000e+03
1.649000000000000000e+03
1.648500000000000000e+03
1.648000000000000000e+03
1.647500000000000000e+03
1.647000000000000000e+03
1.646500000000000000e+03
1.646000000000000000e+03
1.645500000000000000e+03
1.645000000000000000e+03
1.644500000000000000e+03
1.644000000000000000e+03
1.643500000000000000e+03
1.643000000000000000e+03
1.642500000000000000e+03
1.642000000000000000e+03
1.641500000000000000e+03
1.641000000000000000e+03
1.640500000000000000e+03
1.640000000000000000e+03
1.639500000000000000e+03
1.639000000000000000e+03
1.638500000000000000e+03
1.638000000000000000e+03
1.637500000000000000e+03
1.637000000000000000e+03
1.636500000000000000e+03
1.636000000000000000e+03
1.635500000000000000e+03
1.635000000000000000e+03
1.634500000000000000e+03
1.634000000000000000e+03
1.633500000000000000e+03
1.633000000000000000e+03
1.632500000000000000e+03
1.632000000000000000e+03
1.631500000000000000e+03
1.631000000000000000e+03
1.630500000000000000e+03
1.630000000000000000e+03
1.629500000000000000e+03
1.629000000000000000e+03
1.628500000000000000e+03
1.628000000000000000e+03
1.627500000000000000e+03
1.627000000000000000e+03
1.626500000000000000e+03
1.626000000000000000e+03
1.625500000000000000e+03
1.625000000000000000e+03
1.624500000000000000e+03
1.624000000000000000e+03
1.623500000000000000e+03
1.623000000000000000e+03
1.622500000000000000e+03
1.622000000000000000e+03
1.621500000000000000e+03
1.621000000000000000e+03
1.620500000000000000e+03
1.620000000000000000e+03
1.619500000000000000e+03
1.619000000000000000e+03
1.618500000000000000e+03
1.618000000000000000e+03
1.617500000000000000e+03
1.617000000000000000e+03
1.616500000000000000e+03
1.616000000000000000e+03
1.615500000000000000e+03
1.615000000000000000e+03
1.614500000000000000e+03
1.614000000000000000e+03
1.613500000000000000e+03
1.613000000000000000e+03
1.612500000000000000e+03
1.612000000000000000e+03
1.611500000000000000e+03
1.611000000000000000e+03
1.610500000000000000e+03
1.610000000000000000e+03
1.609500000000000000e+03
1.609000000000000000e+03
1.608500000000000000e+03
1.608000000000000000e+03
1.607500000000000000e+03
1.607000000000000000e+03
1.606500000000000000e+03
1.606000000000000000e+03
1.605500000000000000e+03
1.605000000000000000e+03
