3.918000000000000000e+03
3.917000000000000000e+03
3.916000000000000000e+03
3.915000000000000000e+03
3.914000000000000000e+03
3.913000000000000000e+03
3.912000000000000000e+03
3.911000000000000000e+03
3.910000000000000000e+03
3.909000000000000000e+03
3.908000000000000000e+03
3.907000000000000000e+03
3.906000000000000000e+03
3.905000000000000000e+03
3.904000000000000000e+03
3.903000000000000000e+03
3.902000000000000000e+03
3.901000000000000000e+03
3.900000000000000000e+03
3.899000000000000000e+03
3.898000000000000000e+03
3.897000000000000000e+03
3.896000000000000000e+03
3.895000000000000000e+03
3.894000000000000000e+03
3.893000000000000000e+03
3.892000000000000000e+03
3.891000000000000000e+03
3.890000000000000000e+03
3.889000000000000000e+03
3.888000000000000000e+03
3.887000000000000000e+03
3.886000000000000000e+03
3.885000000000000000e+03
3.884000000000000000e+03
3.883000000000000000e+03
3.882000000000000000e+03
3.881000000000000000e+03
3.880000000000000000e+03
3.879000000000000000e+03
