1.131000000000000000e+03
1.130500000000000000e+03
1.130000000000000000e+03
1.129500000000000000e+03
1.129000000000000000e+03
1.128500000000000000e+03
1.128000000000000000e+03
1.127500000000000000e+03
1.127000000000000000e+03
1.126500000000000000e+03
1.126000000000000000e+03
1.125500000000000000e+03
1.125000000000000000e+03
1.124500000000000000e+03
1.124000000000000000e+03
1.123500000000000000e+03
1.123000000000000000e+03
1.122500000000000000e+03
1.122000000000000000e+03
1.121500000000000000e+03
1.121000000000000000e+03
1.120500000000000000e+03
1.120000000000000000e+03
1.119500000000000000e+03
1.119000000000000000e+03
1.118500000000000000e+03
1.118000000000000000e+03
1.117500000000000000e+03
1.117000000000000000e+03
1.116500000000000000e+03
1.116000000000000000e+03
1.115500000000000000e+03
1.115000000000000000e+03
1.114500000000000000e+03
1.114000000000000000e+03
1.113500000000000000e+03
1.113000000000000000e+03
1.112500000000000000e+03
1.112000000000000000e+03
1.111500000000000000e+03
1.111000000000000000e+03
1.110500000000000000e+03
1.110000000000000000e+03
1.109500000000000000e+03
1.109000000000000000e+03
1.108500000000000000e+03
1.108000000000000000e+03
1.107500000000000000e+03
1.107000000000000000e+03
1.106500000000000000e+03
1.106000000000000000e+03
1.105500000000000000e+03
1.105000000000000000e+03
1.104500000000000000e+03
1.104000000000000000e+03
1.103500000000000000e+03
1.103000000000000000e+03
1.102500000000000000e+03
1.102000000000000000e+03
1.101500000000000000e+03
1.101000000000000000e+03
1.100500000000000000e+03
1.100000000000000000e+03
1.099500000000000000e+03
1.099000000000000000e+03
1.098500000000000000e+03
1.098000000000000000e+03
1.097500000000000000e+03
1.097000000000000000e+03
1.096500000000000000e+03
