8.074000000000000000e+04
8.073000000000000000e+04
8.072000000000000000e+04
8.071000000000000000e+04
8.070000000000000000e+04
8.069000000000000000e+04
8.068000000000000000e+04
8.067000000000000000e+04
8.066000000000000000e+04
8.065000000000000000e+04
8.064000000000000000e+04
8.063000000000000000e+04
8.062000000000000000e+04
8.061000000000000000e+04
8.060000000000000000e+04
8.059000000000000000e+04
8.058000000000000000e+04
8.057000000000000000e+04
8.056000000000000000e+04
8.055000000000000000e+04
8.054000000000000000e+04
8.053000000000000000e+04
8.052000000000000000e+04
8.051000000000000000e+04
8.050000000000000000e+04
8.049000000000000000e+04
8.048000000000000000e+04
8.047000000000000000e+04
8.046000000000000000e+04
8.045000000000000000e+04
8.044000000000000000e+04
8.043000000000000000e+04
8.042000000000000000e+04
8.041000000000000000e+04
8.040000000000000000e+04
8.039000000000000000e+04
8.038000000000000000e+04
8.037000000000000000e+04
8.036000000000000000e+04
8.035000000000000000e+04
8.034000000000000000e+04
8.033000000000000000e+04
8.032000000000000000e+04
8.031000000000000000e+04
8.030000000000000000e+04
8.029000000000000000e+04
8.028000000000000000e+04
8.027000000000000000e+04
8.026000000000000000e+04
8.025000000000000000e+04
8.024000000000000000e+04
8.023000000000000000e+04
