2.915000000000000000e+03
2.914000000000000000e+03
2.913000000000000000e+03
2.912000000000000000e+03
2.911000000000000000e+03
2.910000000000000000e+03
2.909000000000000000e+03
2.908000000000000000e+03
2.907000000000000000e+03
2.906000000000000000e+03
2.905000000000000000e+03
2.904000000000000000e+03
2.903000000000000000e+03
2.902000000000000000e+03
2.901000000000000000e+03
2.900000000000000000e+03
2.899000000000000000e+03
2.898000000000000000e+03
2.897000000000000000e+03
2.896000000000000000e+03
2.895000000000000000e+03
2.894000000000000000e+03
2.893000000000000000e+03
2.892000000000000000e+03
2.891000000000000000e+03
2.890000000000000000e+03
2.889000000000000000e+03
2.888000000000000000e+03
2.887000000000000000e+03
2.886000000000000000e+03
2.885000000000000000e+03
2.884000000000000000e+03
2.883000000000000000e+03
2.882000000000000000e+03
2.881000000000000000e+03
2.880000000000000000e+03
2.879000000000000000e+03
2.878000000000000000e+03
2.877000000000000000e+03
2.876000000000000000e+03
2.875000000000000000e+03
2.874000000000000000e+03
2.873000000000000000e+03
2.872000000000000000e+03
2.871000000000000000e+03
2.870000000000000000e+03
2.869000000000000000e+03
2.868000000000000000e+03
2.867000000000000000e+03
2.866000000000000000e+03
2.865000000000000000e+03
2.864000000000000000e+03
2.863000000000000000e+03
2.862000000000000000e+03
2.861000000000000000e+03
2.860000000000000000e+03
2.859000000000000000e+03
2.858000000000000000e+03
2.857000000000000000e+03
2.856000000000000000e+03
2.855000000000000000e+03
2.854000000000000000e+03
2.853000000000000000e+03
2.852000000000000000e+03
2.851000000000000000e+03
2.850000000000000000e+03
2.849000000000000000e+03
2.848000000000000000e+03
2.847000000000000000e+03
2.846000000000000000e+03
2.845000000000000000e+03
2.844000000000000000e+03
2.843000000000000000e+03
2.842000000000000000e+03
2.841000000000000000e+03
2.840000000000000000e+03
2.839000000000000000e+03
2.838000000000000000e+03
2.837000000000000000e+03
2.836000000000000000e+03
2.835000000000000000e+03
2.834000000000000000e+03
2.833000000000000000e+03
2.832000000000000000e+03
2.831000000000000000e+03
2.830000000000000000e+03
2.829000000000000000e+03
2.828000000000000000e+03
2.827000000000000000e+03
2.826000000000000000e+03
2.825000000000000000e+03
2.824000000000000000e+03
2.823000000000000000e+03
