1.493000000000000000e+04
1.492500000000000000e+04
1.492000000000000000e+04
1.491500000000000000e+04
1.491000000000000000e+04
1.490500000000000000e+04
1.490000000000000000e+04
1.489500000000000000e+04
1.489000000000000000e+04
1.488500000000000000e+04
1.488000000000000000e+04
1.487500000000000000e+04
1.487000000000000000e+04
1.486500000000000000e+04
1.486000000000000000e+04
1.485500000000000000e+04
1.485000000000000000e+04
1.484500000000000000e+04
1.484000000000000000e+04
1.483500000000000000e+04
1.483000000000000000e+04
1.482500000000000000e+04
1.482000000000000000e+04
1.481500000000000000e+04
1.481000000000000000e+04
1.480500000000000000e+04
1.480000000000000000e+04
1.479500000000000000e+04
1.479000000000000000e+04
1.478500000000000000e+04
1.478000000000000000e+04
1.477500000000000000e+04
1.477000000000000000e+04
1.476500000000000000e+04
1.476000000000000000e+04
1.475500000000000000e+04
1.475000000000000000e+04
1.474500000000000000e+04
1.474000000000000000e+04
1.473500000000000000e+04
1.473000000000000000e+04
1.472500000000000000e+04
1.472000000000000000e+04
1.471500000000000000e+04
1.471000000000000000e+04
1.470500000000000000e+04
1.470000000000000000e+04
1.469500000000000000e+04
1.469000000000000000e+04
1.468500000000000000e+04
1.468000000000000000e+04
1.467500000000000000e+04
1.467000000000000000e+04
1.466500000000000000e+04
1.466000000000000000e+04
1.465500000000000000e+04
1.465000000000000000e+04
1.464500000000000000e+04
1.464000000000000000e+04
1.463500000000000000e+04
1.463000000000000000e+04
1.462500000000000000e+04
1.462000000000000000e+04
1.461500000000000000e+04
1.461000000000000000e+04
