-9.595499999999999829e+01
-9.595999999999999375e+01
-9.596499999999998920e+01
-9.596999999999998465e+01
-9.597499999999998010e+01
-9.597999999999997556e+01
-9.598499999999997101e+01
-9.598999999999996646e+01
-9.599499999999996191e+01
-9.599999999999995737e+01
-9.600499999999995282e+01
-9.600999999999994827e+01
-9.601499999999994373e+01
-9.601999999999993918e+01
-9.602499999999993463e+01
-9.602999999999993008e+01
-9.603499999999992554e+01
-9.603999999999992099e+01
-9.604499999999991644e+01
-9.604999999999991189e+01
-9.605499999999990735e+01
-9.605999999999990280e+01
-9.606499999999989825e+01
-9.606999999999989370e+01
-9.607499999999988916e+01
-9.607999999999988461e+01
-9.608499999999988006e+01
-9.608999999999987551e+01
-9.609499999999987097e+01
-9.609999999999986642e+01
-9.610499999999986187e+01
-9.610999999999985732e+01
-9.611499999999985278e+01
-9.611999999999984823e+01
-9.612499999999984368e+01
-9.612999999999983913e+01
-9.613499999999983459e+01
-9.613999999999983004e+01
-9.614499999999982549e+01
-9.614999999999982094e+01
-9.615499999999981640e+01
-9.615999999999981185e+01
-9.616499999999980730e+01
-9.616999999999980275e+01
-9.617499999999979821e+01
-9.617999999999979366e+01
