3.194000000000000000e+03
3.193000000000000000e+03
3.192000000000000000e+03
3.191000000000000000e+03
3.190000000000000000e+03
3.189000000000000000e+03
3.188000000000000000e+03
3.187000000000000000e+03
3.186000000000000000e+03
3.185000000000000000e+03
3.184000000000000000e+03
3.183000000000000000e+03
3.182000000000000000e+03
3.181000000000000000e+03
3.180000000000000000e+03
3.179000000000000000e+03
3.178000000000000000e+03
3.177000000000000000e+03
3.176000000000000000e+03
3.175000000000000000e+03
3.174000000000000000e+03
3.173000000000000000e+03
3.172000000000000000e+03
3.171000000000000000e+03
3.170000000000000000e+03
3.169000000000000000e+03
3.168000000000000000e+03
3.167000000000000000e+03
3.166000000000000000e+03
3.165000000000000000e+03
3.164000000000000000e+03
3.163000000000000000e+03
3.162000000000000000e+03
3.161000000000000000e+03
3.160000000000000000e+03
3.159000000000000000e+03
3.158000000000000000e+03
3.157000000000000000e+03
3.156000000000000000e+03
3.155000000000000000e+03
3.154000000000000000e+03
3.153000000000000000e+03
3.152000000000000000e+03
3.151000000000000000e+03
3.150000000000000000e+03
3.149000000000000000e+03
3.148000000000000000e+03
3.147000000000000000e+03
3.146000000000000000e+03
3.145000000000000000e+03
3.144000000000000000e+03
3.143000000000000000e+03
3.142000000000000000e+03
3.141000000000000000e+03
3.140000000000000000e+03
3.139000000000000000e+03
