2.190500000000000000e+04
2.190000000000000000e+04
2.189500000000000000e+04
2.189000000000000000e+04
2.188500000000000000e+04
2.188000000000000000e+04
2.187500000000000000e+04
2.187000000000000000e+04
2.186500000000000000e+04
2.186000000000000000e+04
2.185500000000000000e+04
2.185000000000000000e+04
2.184500000000000000e+04
2.184000000000000000e+04
2.183500000000000000e+04
2.183000000000000000e+04
2.182500000000000000e+04
2.182000000000000000e+04
2.181500000000000000e+04
2.181000000000000000e+04
2.180500000000000000e+04
2.180000000000000000e+04
2.179500000000000000e+04
2.179000000000000000e+04
2.178500000000000000e+04
2.178000000000000000e+04
2.177500000000000000e+04
2.177000000000000000e+04
2.176500000000000000e+04
2.176000000000000000e+04
2.175500000000000000e+04
2.175000000000000000e+04
2.174500000000000000e+04
2.174000000000000000e+04
2.173500000000000000e+04
2.173000000000000000e+04
2.172500000000000000e+04
2.172000000000000000e+04
2.171500000000000000e+04
2.171000000000000000e+04
2.170500000000000000e+04
2.170000000000000000e+04
2.169500000000000000e+04
2.169000000000000000e+04
2.168500000000000000e+04
2.168000000000000000e+04
2.167500000000000000e+04
2.167000000000000000e+04
2.166500000000000000e+04
2.166000000000000000e+04
2.165500000000000000e+04
2.165000000000000000e+04
2.164500000000000000e+04
2.164000000000000000e+04
2.163500000000000000e+04
2.163000000000000000e+04
2.162500000000000000e+04
2.162000000000000000e+04
2.161500000000000000e+04
2.161000000000000000e+04
2.160500000000000000e+04
2.160000000000000000e+04
2.159500000000000000e+04
2.159000000000000000e+04
2.158500000000000000e+04
2.158000000000000000e+04
2.157500000000000000e+04
2.157000000000000000e+04
2.156500000000000000e+04
2.156000000000000000e+04
2.155500000000000000e+04
2.155000000000000000e+04
2.154500000000000000e+04
2.154000000000000000e+04
2.153500000000000000e+04
2.153000000000000000e+04
2.152500000000000000e+04
2.152000000000000000e+04
2.151500000000000000e+04
2.151000000000000000e+04
2.150500000000000000e+04
2.150000000000000000e+04
2.149500000000000000e+04
2.149000000000000000e+04
2.148500000000000000e+04
2.148000000000000000e+04
2.147500000000000000e+04
2.147000000000000000e+04
2.146500000000000000e+04
2.146000000000000000e+04
2.145500000000000000e+04
2.145000000000000000e+04
2.144500000000000000e+04
2.144000000000000000e+04
2.143500000000000000e+04
2.143000000000000000e+04
2.142500000000000000e+04
2.142000000000000000e+04
2.141500000000000000e+04
2.141000000000000000e+04
2.140500000000000000e+04
2.140000000000000000e+04
