4.264000000000000000e+03
1.410500000000000000e+04
2.875500000000000114e+02
2.544000000000000000e+03
4.615000000000000000e+04
2.960000000000000000e+03
8.171000000000000000e+04
1.645500000000000000e+04
2.925000000000000000e+03
1.497500000000000000e+04
1.422400000000000000e+05
2.152500000000000000e+04
3.859000000000000000e+03
1.638000000000000000e+03
2.000000000000000000e+03
5.060000000000000000e+02
1.638000000000000000e+03
3.891000000000000000e+03
1.145000000000000000e+03
9.060000000000000000e+03
2.837000000000000000e+03
5.206000000000000000e+03
7.955000000000000000e+03
5.795000000000000000e+03
5.942000000000000000e+03
1.581000000000000000e+04
1.237000000000000000e+03
2.467000000000000000e+03
6.260000000000000000e+03
2.410000000000000000e+03
5.230000000000000000e+03
6.188000000000000000e+03
6.745000000000000000e+03
5.078000000000000000e+03
3.190000000000000000e+03
6.227999999999999545e+02
3.507599999999999909e+03
6.605000000000000000e+03
2.369199999999999818e+03
9.904999999999999716e+01
9.690000000000000568e+01
