4.269000000000000000e+03
1.421500000000000000e+04
2.880500000000000114e+02
2.466000000000000000e+03
4.615000000000000000e+04
2.987000000000000000e+03
8.070000000000000000e+04
1.617000000000000000e+04
2.942000000000000000e+03
1.480000000000000000e+04
1.409600000000000000e+05
2.143000000000000000e+04
3.866000000000000000e+03
1.641000000000000000e+03
2.017000000000000000e+03
5.100000000000000000e+02
1.622000000000000000e+03
3.879000000000000000e+03
1.112000000000000000e+03
8.880000000000000000e+03
2.835000000000000000e+03
5.216000000000000000e+03
7.789000000000000000e+03
5.700000000000000000e+03
5.946000000000000000e+03
1.571500000000000000e+04
1.229000000000000000e+03
2.387000000000000000e+03
6.310000000000000000e+03
2.406000000000000000e+03
5.192000000000000000e+03
5.848000000000000000e+03
6.729000000000000000e+03
5.090000000000000000e+03
3.199000000000000000e+03
6.210000000000000000e+02
3.471000000000000000e+03
6.505199999999999818e+03
2.343800000000000182e+03
9.875499999999999545e+01
9.637000000000000455e+01
