4.235000000000000000e+03
1.445500000000000000e+04
2.866000000000000227e+02
2.470000000000000000e+03
4.585000000000000000e+04
2.880000000000000000e+03
8.018000000000000000e+04
1.609000000000000000e+04
2.819000000000000000e+03
1.445500000000000000e+04
1.428600000000000000e+05
2.139500000000000000e+04
3.718000000000000000e+03
1.623000000000000000e+03
1.993000000000000000e+03
4.700000000000000000e+02
1.595500000000000000e+03
3.850000000000000000e+03
1.094500000000000000e+03
8.780000000000000000e+03
2.810000000000000000e+03
5.154000000000000000e+03
7.660000000000000000e+03
5.520000000000000000e+03
5.892000000000000000e+03
1.587500000000000000e+04
1.203000000000000000e+03
2.368000000000000000e+03
6.248000000000000000e+03
2.405000000000000000e+03
5.138000000000000000e+03
5.856000000000000000e+03
6.790000000000000000e+03
5.118000000000000000e+03
3.105000000000000000e+03
6.170000000000000000e+02
3.459199999999999818e+03
6.400000000000000000e+03
2.332000000000000000e+03
9.862999999999999545e+01
9.626999999999999602e+01
