4.260000000000000000e+03
1.454500000000000000e+04
2.868999999999999773e+02
2.516000000000000000e+03
4.669000000000000000e+04
2.970000000000000000e+03
8.080000000000000000e+04
1.644000000000000000e+04
2.917000000000000000e+03
1.490500000000000000e+04
1.418000000000000000e+05
2.194000000000000000e+04
3.770000000000000000e+03
1.637000000000000000e+03
2.017000000000000000e+03
4.935000000000000000e+02
1.655500000000000000e+03
3.920000000000000000e+03
1.128000000000000000e+03
8.810000000000000000e+03
2.823000000000000000e+03
5.220000000000000000e+03
7.670000000000000000e+03
5.620000000000000000e+03
5.952000000000000000e+03
1.569000000000000000e+04
1.218000000000000000e+03
2.393000000000000000e+03
6.350000000000000000e+03
2.415000000000000000e+03
5.070000000000000000e+03
5.730000000000000000e+03
6.777000000000000000e+03
5.154000000000000000e+03
3.195000000000000000e+03
6.230000000000000000e+02
3.470199999999999818e+03
6.455000000000000000e+03
2.352599999999999909e+03
9.848999999999999488e+01
9.594499999999999318e+01
