2.957000000000000000e+03
1.649500000000000000e+04
3.325000000000778755e+01
8.760000000000000000e+03
5.622000000000000000e+04
4.530000000000000000e+03
5.868000000000000000e+04
1.356000000000000000e+04
7.317000000000000000e+03
3.151000000000000000e+04
-9.637000000000000000e+04
2.491500000000000000e+04
3.012000000000000000e+03
3.065000000000000000e+03
1.797000000000000000e+03
2.667500000000000000e+03
1.395000000000000000e+02
-1.030000000000000000e+02
1.799500000000000000e+03
1.150500000000000000e+04
5.220000000000000000e+03
6.566000000000000000e+03
5.997000000000000000e+03
5.705000000000000000e+03
6.060000000000000000e+03
1.007000000000000000e+04
2.351000000000000000e+03
3.807000000000000000e+03
3.174000000000000000e+03
2.942000000000000000e+03
4.012000000000000000e+03
4.432000000000000000e+03
3.143000000000000000e+03
5.622000000000000000e+03
1.455000000000000000e+03
1.026000000000569798e+02
-2.362000000009511496e+02
-1.525200000003269452e+03
2.689999999996666702e+02
4.169999999996292672e+00
3.179999999997733084e+00
