1.245000000000000000e+03
8.005000000000000000e+03
-4.214999999999048441e+01
5.198000000000000000e+03
1.711000000000000000e+04
1.771000000000000000e+03
4.912000000000000000e+04
6.945000000000000000e+03
3.273000000000000000e+03
1.903500000000000000e+04
-1.122800000000000000e+05
1.719000000000000000e+04
-2.915000000000000000e+03
2.795000000000000000e+03
2.061000000000000000e+03
1.538000000000000000e+03
1.698500000000000000e+03
1.976000000000000000e+03
1.824500000000000000e+03
1.057000000000000000e+04
3.266000000000000000e+03
4.224000000000000000e+03
-5.820000000000000000e+03
4.610000000000000000e+03
4.890000000000000000e+03
8.440000000000000000e+03
2.966000000000000000e+03
3.837000000000000000e+03
3.380000000000000000e+03
3.100000000000000000e+03
3.426000000000000000e+03
6.454000000000000000e+03
3.261000000000000000e+03
6.490000000000000000e+03
5.510000000000000000e+02
1.122000000000318778e+02
9.093999999994343852e+02
-1.187400000003576679e+03
4.723999999990387550e+02
7.649999999944583351e-01
-5.195000000013692443e+00
