2.454000000000000000e+03
1.403500000000000000e+04
3.035000000000724185e+01
6.168000000000000000e+03
9.280000000000000000e+03
-7.750000000000000000e+02
9.142000000000000000e+04
2.445000000000000000e+03
3.657000000000000000e+03
2.085500000000000000e+04
1.949000000000000000e+04
4.555000000000000000e+03
1.873000000000000000e+03
2.657000000000000000e+03
1.547000000000000000e+03
2.056000000000000000e+03
-8.575000000000000000e+02
1.447000000000000000e+03
7.370000000000000000e+02
1.246000000000000000e+04
5.074000000000000000e+03
6.414000000000000000e+03
5.840000000000000000e+03
4.200000000000000000e+03
7.190000000000000000e+03
1.585500000000000000e+04
2.993000000000000000e+03
5.872000000000000000e+03
5.970000000000000000e+03
5.067000000000000000e+03
2.400000000000000000e+03
5.054000000000000000e+03
4.554000000000000000e+03
9.116000000000000000e+03
3.640000000000000000e+03
3.680000000000723048e+01
9.569999999988481250e+02
-2.356000000033509423e+02
-4.680000000038990038e+01
3.719999999996417728e+00
7.949999999897841008e-01
