5.233000000000000000e+03
2.119166666666666572e+02
1.196320000000189566e+03
2.265813953488372192e+02
2.258000000000000000e+03
4.917500000000000000e+02
1.964563106796116472e+02
7.478571428571429180e+01
1.013588235294117680e+03
4.855517241379310462e+02
6.257480314960629642e+01
7.103999999999999773e+02
3.260000000000000000e+03
5.497000000000000000e+03
3.112857142857142776e+02
3.940333333333333485e+03
2.512692307692307736e+02
1.474166666666666572e+02
1.625405405405405475e+02
1.416363636363636260e+02
1.476142857142857110e+03
1.388200000000000045e+03
7.176851851851851904e+01
8.838461538461538680e+01
6.427000000000000000e+03
1.349500000000000000e+03
7.248181818181818699e+02
1.434100000000000000e+04
1.779565217391304373e+02
5.347000000000000000e+03
9.904397705544932817e-01
2.952165481577246453e+00
3.241000000000000000e+03
1.611666666666666742e+03
4.097178683385580000e-01
8.724285714285020958e+02
6.777124183006662861e+01
5.254988399071996241e+01
4.574226804123724577e+01
3.287234042553190960e+01
6.034146341463157626e+01
