9.803333333333333712e+02
1.109814814814814810e+02
1.691976470588147095e+02
3.100000000000000000e+02
1.485454545454545325e+02
4.752857142857142776e+02
1.072000000000000000e+04
4.561818181818181728e+01
3.676333333333333258e+02
4.641428571428571672e+02
2.734375000000000000e+01
8.795348837209301962e+01
7.416666666666667140e+01
2.803000000000000000e+03
4.357000000000000000e+03
2.304117647058823479e+02
1.310781250000000000e+02
1.187358490566037688e+02
2.171818181818181870e+02
3.066000000000000227e+02
7.267000000000000455e+02
7.333333333333333712e+02
1.147310924369747909e+02
1.710000000000000000e+02
1.743000000000000000e+03
2.401538461538461604e+02
4.785000000000000000e+02
2.487741935483871032e+02
1.579090909090909065e+02
9.390000000000000000e+02
8.578582434514637756e-01
inf
2.601499999999999773e+02
1.798974358974358836e+02
2.935292278837136615e-01
1.095151515151504782e+02
1.657857142857046483e+03
7.337419354838824859e+01
1.316666666666708068e+02
5.280000000000102034e+01
1.164426229508117103e+02
