2.228620689655172384e+02
1.732162162162162247e+02
2.427714285714289986e+02
2.027000000000000000e+03
3.084146341463414842e+02
2.606818181818181870e+02
6.730606060606060055e+02
1.600000000000000000e+02
5.705172413793103487e+02
3.301904761904762040e+02
9.183199999999999363e+01
1.415523809523809575e+02
2.290714285714285836e+02
1.053333333333333258e+03
2.034444444444444571e+02
1.020454545454545496e+03
8.875714285714285552e+02
1.537567567567567437e+02
4.330799999999999841e+02
9.262000000000000455e+02
2.301914893617021391e+02
2.077333333333333201e+02
2.634399999999999977e+02
1.260370370370370381e+02
2.296666666666666572e+02
5.515000000000000000e+02
1.694500000000000000e+03
2.690769230769230944e+02
4.060000000000000000e+02
3.490333333333333485e+03
9.402637703646237188e-01
2.086143572621034892e+00
2.076666666666666572e+02
9.650000000000000000e+02
8.452112221863914421e-01
3.969999999999734541e+02
1.304769230769247486e+02
5.948829431438137050e+01
inf
1.757000000000005286e+02
5.151000000004661160e+03
