2.684285714285714448e+02
6.130000000000000000e+02
4.448977777777938627e+02
3.130000000000000000e+02
1.124761904761904816e+02
1.118314606741572987e+02
3.231785714285714448e+02
8.156666666666666288e+01
1.792580645161290249e+02
2.331694915254237230e+02
1.195999999999999943e+02
1.250000000000000000e+02
1.474642857142857224e+02
5.981111111111110858e+02
1.880000000000000000e+02
2.227647058823529278e+02
1.096213592233009706e+02
1.240731707317073216e+02
1.562698412698412653e+02
2.518000000000000000e+03
9.486363636363636260e+02
3.189090909090909349e+02
8.411176470588235361e+02
1.251250000000000000e+02
3.179599999999999795e+02
3.248000000000000114e+02
3.253000000000000000e+03
1.423666666666666742e+03
3.037777777777777715e+02
inf
6.047337278106509340e-01
1.670506108202443274e+00
4.826000000000000227e+02
3.192333333333333485e+03
8.879499217527386801e-01
4.251666666666689594e+02
2.405263157894759161e+02
1.053536585365861526e+02
6.650684931507167619e+01
8.173418621179408261e-02
2.885507321903162392e-01
