2.559000000000000000e+03
1.171500000000000000e+04
6.340400000001841363e+01
5.624000000000000000e+03
3.856000000000000000e+04
3.164000000000000000e+03
9.468000000000000000e+04
2.172500000000000000e+04
4.332000000000000000e+03
1.340500000000000000e+04
-2.896000000000000000e+04
1.736500000000000000e+04
2.012000000000000000e+03
1.847000000000000000e+03
1.224000000000000000e+03
1.555500000000000000e+03
1.318000000000000000e+03
1.644000000000000000e+03
1.316500000000000000e+03
6.870000000000000000e+03
3.447000000000000000e+03
4.462000000000000000e+03
-7.220000000000000000e+02
3.440000000000000000e+03
4.916000000000000000e+03
6.740000000000000000e+03
1.803000000000000000e+03
2.405000000000000000e+03
2.046000000000000000e+03
2.318000000000000000e+03
3.994000000000000000e+03
1.890000000000000000e+03
1.944000000000000000e+03
3.568000000000000000e+03
1.426000000000000000e+03
1.932000000000607542e+02
1.196999999997669875e+03
-5.556600000010963413e+03
1.161599999998388284e+03
9.454999999989752268e+00
1.580499999997785210e+01
