2.359000000000000000e+03
1.075000000000000000e+04
1.860000000000445652e+01
7.706000000000000000e+03
4.633000000000000000e+04
5.903000000000000000e+03
5.890000000000000000e+04
-8.650000000000000000e+02
8.170000000000000000e+03
2.973500000000000000e+04
1.005700000000000000e+05
3.399500000000000000e+04
2.995000000000000000e+03
2.743000000000000000e+03
2.064000000000000000e+03
2.935500000000000000e+03
2.548000000000000000e+03
1.220000000000000000e+03
1.065000000000000000e+03
9.845000000000000000e+03
5.105000000000000000e+03
6.806000000000000000e+03
-2.002300000000000000e+04
3.040000000000000000e+03
6.282000000000000000e+03
1.168500000000000000e+04
3.916000000000000000e+03
9.609000000000000000e+03
3.822000000000000000e+03
5.052000000000000000e+03
3.028000000000000000e+03
3.066000000000000000e+04
4.512000000000000000e+03
9.354000000000000000e+03
5.630000000000000000e+02
1.014000000000173713e+02
-1.633800000002169782e+03
-1.632100000001650551e+04
-3.190000000006730261e+02
-8.750000000050022209e-01
-1.472000000001760611e+01
